115 80 218 130 165 111 80 100 160 102 105 157 95 68 124 69 131 95 88 63 112 50 80 62 156 71 70 104 54 87 82 11 156 46 75 70 47 533 86 81 45 93 67 167 88 156 154 122 79 105 116 263 80 167 137 61 89 58 301 82 40 82 146 73 132 53 151 67 99 74 132 67 115 82 43 57 77 134 107 108 62 54 90 34 53 58 97 77 83 95 99 68 58 69 111 82 127 104 104 59 45 163 58 20 119 99 90 101 27 101 96 76 29 92 58 83
abia 4 1 35 1 36 1 76 1 81
absurd 3 1 16 1 67 2 100
abur 2 1 34 1 66
acasă 2 1 111 2 65
accelera 1 1 103
accept 1 1 109
acel 1 1 67
acela 4 1 11 1 72 2 90 3 55
același 3 1 47 1 108 1 110
acest 13 1 7 1 11 1 19 1 21 1 23 1 45 1 51 1 60 1 89 1 91 1 112 2 31 4 95
acesta 6 1 2 1 8 1 10 1 15 1 22 1 52
acolo 5 1 46 1 79 1 87 1 100 2 57
acoperi 5 1 39 1 40 1 92 1 110 2 52
acoperiș 2 1 69 1 103
acord 1 1 94
acru 1 1 88
acum 8 1 14 1 19 1 26 1 29 1 49 1 67 1 71 2 100
acvatic 1 1 60
adese 1 1 78
adesea 1 1 58
adeseori 1 1 78
adevăr 3 1 10 1 70 1 78
adevăra 3 1 1 1 55 1 56
adidas 1 1 85
adolescent 2 1 4 1 14
adolescență 1 1 7
adormi 10 1 0 1 5 1 36 1 55 1 57 1 69 1 73 1 105 2 61 3 43
adormitor 2 1 56 1 69
aduce 9 1 27 1 28 1 31 1 36 1 40 1 49 1 63 2 24 2 86
adulmeca 1 1 1
adult 1 1 114
aduna 1 1 85
adânc 5 1 3 1 36 1 66 1 67 1 93
adăpa 1 1 54
adăpost 1 1 73
adăposti 2 1 26 1 34
aer 5 1 1 1 11 1 17 1 51 2 95
aeroport 1 1 85
afară 2 1 34 2 47
afin 1 1 45
afla 1 1 100
afund 2 1 43 1 46
agăța 1 1 45
ah 1 6 100
ai 12 1 15 1 25 1 32 1 40 1 42 1 94 1 110 2 51 3 3 3 86 4 36 5 57
aici 5 1 22 1 27 1 28 2 10 4 81
aievea 2 1 0 1 5
aiuritor 1 1 57
ajunge 8 1 4 1 33 1 39 1 79 1 103 2 3 3 71 3 100
ajuta 3 1 21 1 36 6 109
ajutor 1 4 36
al 63 1 54 1 35 1 81 1 38 1 41 1 42 1 44 1 78 1 77 1 53 1 34 1 76 1 58 1 60 1 74 1 71 1 70 1 67 1 68 1 21 1 2 1 89 1 8 1 9 1 10 1 107 1 105 1 87 1 24 1 86 1 27 1 28 1 29 1 31 2 95 2 79 2 90 2 92 2 84 2 96 2 63 2 61 2 0 2 98 2 49 2 46 2 103 2 33 2 26 2 23 2 108 2 5 2 4 3 56 3 65 4 93 4 19 4 106 4 16 4 6 5 50 6 36 9 113
alb 6 1 1 1 9 1 36 1 61 1 68 2 6
albastru 3 1 7 1 53 2 3
albină 6 1 28 1 54 1 61 1 66 1 69 1 76
albăstrel 1 1 62
albăstri 1 1 6
alcool 3 1 15 1 65 1 66
alega 4 1 6 1 72 1 77 2 24
alerga 5 1 40 1 50 1 64 1 79 2 19
alfabet 1 1 29
algă 1 1 95
alt 13 1 10 1 21 1 27 1 38 1 50 1 67 1 87 1 93 1 96 1 99 1 100 1 103 2 106
altar 1 1 67
altfel 4 1 10 1 25 1 84 1 94
altruist 1 1 8
altul 9 1 11 1 20 1 31 1 42 1 50 1 93 1 110 2 15 2 103
altădată 1 1 69
aluneca 4 1 13 1 22 1 69 1 99
alunecos 1 1 36
alunga 2 1 17 3 44
alună 1 1 18
aluviune 1 1 36
alătura 3 1 36 1 43 1 97
amar 4 1 40 1 57 1 75 1 77
ambiguu 2 1 7 1 98
amenințător 2 1 52 1 107
amestec 1 1 85
amesteca 2 1 40 1 92
ameți 1 1 1
amiază 1 2 65
aminte 5 1 28 1 36 1 40 1 49 1 63
aminti 5 1 8 1 27 1 29 1 40 1 49
amurg 1 1 57
amâna 2 1 16 1 108
amândoi 2 1 36 1 50
amărui 1 1 68
an 6 1 3 1 44 1 63 1 103 2 29 3 71
ana 1 2 106
animal 3 1 21 1 24 1 87
aniversa 1 1 85
anotimp 2 1 48 1 54
antizeul 1 1 93
anume 1 1 31
anunța 1 1 64
apar 2 1 57 1 64
aparține 1 1 113
apleca 4 1 6 1 22 1 45 1 67
apoi 10 1 4 1 23 1 50 1 63 1 72 1 77 1 98 1 103 2 31 2 36
apoteoză 1 1 81
aprig 1 1 12
aprinde 2 1 10 1 48
aproape 9 1 8 1 16 1 23 1 35 1 36 1 37 1 40 1 49 1 84
aprobator 1 1 76
apropia 6 1 15 1 37 1 38 1 47 1 53 1 95
apuca 1 1 2
apune 3 1 26 1 65 2 57
apă 11 1 14 1 36 1 40 1 44 1 57 1 60 1 88 1 95 1 96 1 101 3 3
apăra 3 1 18 1 21 1 50
apărea 2 1 0 1 5
apăsa 2 1 0 1 5
apăsător 1 1 76
ar 18 1 41 1 105 1 79 1 60 1 48 1 38 1 35 1 32 1 23 1 12 1 10 2 50 2 61 3 95 3 96 4 4 8 36 9 31
ara 6 1 15 1 20 1 29 1 56 2 57 2 61
arbor 5 1 17 1 39 1 77 1 89 3 49
arbore 1 2 49
arc 1 1 108
arde 2 1 48 4 104
argint 1 1 52
argintiu 1 1 105
argument 1 1 8
arhitectură 1 1 95
aripă 10 1 9 1 36 1 43 1 45 1 48 1 49 1 92 1 93 1 94 2 57
aritmeticile 1 1 31
armă 2 1 41 1 61
armătură 1 1 106
arunca 4 1 87 1 90 1 95 2 45
arăta 3 1 10 1 64 1 66
arătător 1 1 96
as 9 1 7 1 23 1 42 1 71 1 106 2 52 4 16 5 75 6 31
asculta 6 1 40 1 75 1 76 1 90 2 36 2 58
ascultător 1 1 91
ascunde 15 1 0 1 1 1 2 1 3 1 5 1 12 1 26 1 45 1 47 1 57 1 58 1 70 1 93 1 99 1 109
ascuți 3 1 57 1 70 1 97
aseaza 1 1 97
asemenea 5 1 1 1 12 1 15 1 30 1 89
asemăna 3 1 21 1 72 1 110
asfalt 1 1 99
asfinți 1 1 65
asigura 1 1 8
aspru 1 1 86
astampur 1 1 44
astfel 5 1 1 1 10 1 50 1 77 1 103
astupa 2 1 28 1 36
asurzitor 1 1 74
at 4 1 49 2 83 3 25 3 87
atinge 5 1 2 1 8 1 31 1 50 1 71
atroce 1 1 8
atrofia 1 1 50
atunci 12 1 4 1 11 1 16 1 23 1 33 1 36 1 48 1 49 1 67 1 87 1 105 2 1
atârna 8 1 14 1 22 1 36 1 57 1 91 1 95 1 108 2 37
atât 23 1 47 1 107 1 91 1 77 1 66 1 60 1 55 1 50 1 8 1 42 1 33 1 25 1 23 1 16 2 38 2 53 2 36 2 71 2 21 3 46 3 37 3 59 4 89
au 14 1 9 1 29 1 36 1 45 1 49 1 50 1 64 1 76 1 100 2 28 2 43 2 52 3 2 3 103
aur 1 1 66
auriu 1 1 43
autodafe 1 1 10
auz 2 1 22 1 57
auzi 13 1 18 1 36 1 37 1 43 1 63 1 81 1 82 1 97 2 24 2 46 2 91 2 105 3 62
avea 40 1 43 1 112 1 110 1 103 1 93 1 78 1 63 1 51 1 49 1 46 1 0 1 39 1 36 1 31 1 27 1 5 1 19 1 4 1 8 1 11 1 9 1 26 2 24 2 94 2 7 2 86 2 52 2 50 2 14 2 108 2 20 3 10 3 72 3 106 3 100 4 53 4 48 4 16 4 42 9 3
aventură 1 1 27
avion 1 2 12
ax 1 1 93
azi 1 3 3
așa 5 1 31 1 91 1 97 1 105 1 107
așeza 5 1 77 1 86 1 93 1 114 2 19
aștepta 14 1 26 1 29 1 36 1 40 1 52 1 58 1 60 1 76 1 84 1 101 2 33 2 57 2 112 5 1
ațipi 1 1 61
babă 2 1 0 1 5
baltă 2 1 31 1 79
banal 1 1 8
banc 1 1 85
bandaja 1 1 68
barbă 2 1 28 1 57
barză 1 1 17
basm 1 1 15
baton 1 1 85
bea 1 1 80
beatitudine 1 1 66
benzină 1 1 85
beznă 5 1 2 1 38 1 44 1 48 2 36
biet 1 1 114
bine 13 1 1 1 3 1 33 1 42 1 48 1 52 1 66 1 69 1 93 1 107 2 19 2 23 2 36
bineînțeles 1 1 77
biserică 4 1 38 1 40 1 104 2 99
blană 4 1 13 1 28 1 76 1 92
blestem 2 1 104 1 109
bloc 1 1 15
blând 2 1 45 1 81
boabă 2 1 65 1 69
boaltă 2 1 69 1 95
boală 2 1 83 2 74
bob 1 3 4
bobiță 1 1 105
bocet 1 1 8
bogat 3 1 108 1 113 2 65
bolborosi 2 1 15 1 53
bolnav 2 1 8 1 97
boltă 1 1 17
bont 1 1 97
bortă 1 1 10
bot 1 1 9
brad 2 2 46 3 94
braț 5 1 2 1 36 1 67 2 23 2 50
broască 1 1 57
brumă 1 2 65
brusc 1 1 50
bucată 1 1 64
bucura 3 1 12 1 36 1 41
bucurești 1 1 85
bucurie 4 1 16 1 42 1 65 2 41
bucuros 1 1 40
buimac 1 1 13
buldozer 1 1 106
bulevard 1 1 15
bulgăr 1 1 38
bulgăresc 1 1 85
bulă 1 1 105
bun 6 1 14 1 48 1 65 1 69 1 75 3 26
burtă 1 1 51
butelie 1 1 85
buză 3 1 50 1 57 1 72
bât 3 1 46 1 67 1 99
bâzâi 1 1 69
băiat 1 1 85
bănui 3 1 23 1 49 1 89
bănuitor 1 1 34
bărbat 2 1 1 1 24
bătrân 8 1 28 1 57 1 90 1 111 1 114 2 4 2 25 2 69
băț 1 1 57
ca 51 1 58 1 93 1 90 1 45 1 50 1 51 1 53 1 54 1 88 1 57 1 41 1 60 1 68 1 70 1 72 1 74 1 86 1 79 1 78 1 27 1 111 1 106 1 7 1 9 1 105 1 16 1 18 1 22 1 31 1 103 1 99 1 37 1 38 1 39 2 0 2 112 2 95 2 76 2 55 2 42 2 40 2 5 2 3 2 2 3 77 3 75 3 44 3 35 3 10 5 36 6 108
cadavru 3 1 26 1 50 1 98
cadă 1 2 35
cafea 1 1 85
cal 1 1 39
calc 1 1 21
calciu 1 1 101
cald 5 1 6 1 11 1 36 1 52 1 73
calendar 1 1 36
calm 1 2 1
cală 2 1 78 1 85
campion 1 1 85
cancer 1 1 74
cap 5 1 9 1 36 1 79 1 97 2 31
capcană 1 1 36
capăt 3 1 31 1 33 2 93
car 68 1 60 1 91 1 47 1 49 1 50 1 86 1 84 1 55 1 56 1 6 1 58 1 96 1 64 1 83 1 66 1 68 1 69 1 72 1 73 1 82 1 81 1 80 1 30 1 9 1 10 1 110 1 109 1 108 1 22 1 105 1 24 1 27 1 28 1 41 1 31 1 32 1 34 1 35 1 101 1 100 1 39 1 98 2 103 2 104 2 90 2 93 2 57 2 74 2 19 2 48 2 46 2 45 2 42 2 23 2 26 2 37 2 29 3 97 3 114 3 12 3 21 3 36 3 78 3 52 3 76 4 40 4 53 4 65
carantină 1 1 8
cartof 1 1 81
cartă 2 1 10 1 77
cast 1 1 104
castan 1 1 71
catapeteasmă 1 1 109
catar 1 1 2
catarg 2 1 99 1 112
ce 50 1 88 1 43 1 45 1 47 1 4 1 55 1 65 1 70 1 71 1 76 1 80 1 52 1 89 1 91 1 96 1 97 1 98 1 101 1 105 1 109 1 114 1 22 1 6 1 16 1 18 1 21 1 23 1 26 1 27 1 28 1 29 2 41 2 86 2 32 2 112 2 7 2 108 2 95 2 38 2 20 2 106 2 39 2 102 2 8 3 49 3 100 3 42 3 31 7 36 8 92
cea 4 1 44 1 56 1 90 6 1
ceară 3 1 31 1 61 1 78
ceas 2 1 64 1 103
ceată 2 1 65 3 88
cel 14 1 8 1 12 1 16 1 35 1 36 1 42 1 55 1 89 1 105 2 93 2 96 2 103 3 52 3 100
cela 1 1 16
celălalt 6 1 33 1 93 1 97 1 111 1 114 4 50
cer 8 1 17 1 32 1 37 1 43 1 46 1 87 2 68 3 78
cerb 2 1 57 1 58
cere 1 3 52
ceresc 1 1 28
certitudine 1 1 16
cerși 1 1 32
ceva 9 1 31 1 34 1 36 1 55 1 64 1 91 1 93 1 112 2 25
chema 2 1 3 1 36
chiar 7 1 74 1 79 1 89 1 94 1 106 1 112 1 114
chibrit 1 1 85
chimic 1 1 100
chin 1 1 65
chip 3 1 21 1 28 1 72
chirci 2 1 57 1 97
ci 3 1 48 1 74 1 106
cico 1 1 85
cifră 1 1 103
cimitir 3 1 15 1 98 1 111
cineva 6 1 8 1 34 1 41 1 55 2 36 3 62
cină 16 1 15 1 32 1 49 1 54 1 56 1 60 1 84 1 86 1 89 1 91 1 96 1 106 2 36 3 79 3 95 6 44
cioară 1 1 57
ciob 1 1 40
ciocârlie 2 1 17 1 57
ciopli 1 1 20
cireadă 1 1 6
ciripi 1 1 92
citi 1 1 29
cititor 1 1 108
ciudat 1 1 49
clapă 2 1 0 1 5
clar 2 1 88 5 7
claviatură 2 1 0 1 5
claviculă 3 1 23 1 50 2 36
clepsidră 1 1 30
clinti 2 1 20 1 36
clipi 1 1 49
clipă 5 1 18 1 29 1 36 1 93 1 112
cloci 2 1 57 1 95
clopot 1 1 40
cloșcă 1 1 104
clănțăni 1 1 73
clătina 1 1 112
coace 3 1 35 1 65 1 68
coadă 1 1 85
coarnă 1 1 57
coastă 2 1 0 1 5
coasă 1 1 78
coborî 3 1 23 1 45 1 49
cocoașă 2 1 50 1 57
cocor 1 1 57
codru 3 1 3 1 48 1 61
cohortă 1 1 63
colorado 1 1 85
colț 2 1 33 1 45
compartiment 1 1 103
complica 1 1 94
compot 1 1 85
condamnat 4 1 71 1 82 1 97 1 107
conduce 1 1 57
consum 1 1 31
consuma 2 1 65 1 87
contagios 1 2 8
contamina 1 1 8
contempla 2 1 26 2 19
continua 4 1 7 1 76 1 94 1 108
contracție 1 1 90
contur 3 1 36 1 55 1 97
convinge 1 1 91
conștiincios 2 1 20 1 103
conține 1 1 8
copac 2 1 26 1 84
copia 6 1 4 1 6 1 11 1 31 1 76 2 22
copil 5 1 9 1 23 1 57 1 92 1 114
copilăresc 2 1 72 1 110
copilărește 2 1 22 1 73
copilărie 2 1 19 1 81
copilăros 3 1 13 1 45 1 65
cor 1 1 85
corabie 3 1 31 1 99 2 112
corn 1 1 109
coroană 2 1 42 1 95
corp 2 1 36 1 57
corăbia 1 2 112
cot 1 1 57
coș 3 1 0 1 5 1 7
coșciug 1 1 69
coșmar 2 1 97 1 106
crab 2 1 95 2 7
crai 1 1 61
creangă 9 1 0 1 5 1 15 1 41 1 50 1 57 1 65 1 75 1 108
creastă 8 1 36 1 45 1 78 1 94 1 95 1 97 1 102 1 109
creație 1 1 4
crede 6 1 33 1 57 1 71 1 77 1 112 2 84
credincios 1 1 68
credință 1 3 16
creier 2 1 75 1 86
crepuscular 1 1 45
crevedia 1 1 85
crește 14 1 9 1 14 1 19 1 33 1 36 1 48 1 50 1 57 1 61 1 63 1 72 1 76 1 92 2 6
criminal 1 1 107
criptă 1 1 98
crisalidă 1 1 96
crișan 1 1 104
croncăni 1 1 57
cruce 5 1 15 1 23 1 89 1 103 3 110
crud 2 1 81 1 100
crunt 2 1 16 1 76
cruzime 1 1 71
crâng 2 1 48 1 54
crăpa 1 1 66
cu 65 1 90 1 49 1 50 1 0 1 63 1 66 1 67 1 78 1 81 1 83 1 84 1 86 1 89 1 56 1 92 1 95 1 99 1 100 1 103 1 104 1 105 1 107 1 108 1 109 1 111 1 114 1 10 1 9 1 20 1 43 1 3 1 22 1 25 1 5 1 31 1 34 1 38 2 77 2 16 2 18 2 26 2 36 2 71 2 7 2 41 2 64 2 61 2 110 2 53 2 51 2 112 3 69 3 85 3 21 3 55 3 15 3 46 4 45 4 13 4 40 4 42 4 60 4 44 5 1 6 57
cuc 1 2 64
cuceri 1 1 113
culca 2 1 36 1 61
culege 1 1 105
culoar 5 1 14 1 42 1 48 1 57 2 7
cum 29 1 12 1 107 1 106 1 105 1 103 1 97 1 79 1 78 1 77 1 67 1 60 1 43 1 10 1 19 1 29 1 37 1 38 1 49 2 65 2 44 2 75 2 50 2 36 2 58 2 25 2 52 2 51 3 62 3 100
cuminte 4 1 23 1 36 1 90 2 20
cumințenie 2 1 26 2 11
cumva 2 1 0 1 5
cunoaște 8 1 27 1 49 1 50 1 53 1 54 1 85 2 15 2 42
cunună 1 1 57
cupolă 1 1 95
cuprinde 3 1 42 1 52 1 97
cupă 1 1 85
curaj 2 1 84 1 96
curajos 1 1 113
curge 4 1 63 1 68 1 78 1 110
curgător 1 1 36
cură 5 1 22 1 43 1 59 1 69 3 36
cutie 1 1 85
cutremur 1 1 61
cuveni 1 1 59
cuviincios 1 1 68
cuvânt 18 1 54 1 108 1 89 1 85 1 76 1 72 1 67 1 63 1 62 1 6 1 42 1 35 1 28 1 23 1 7 2 16 2 15 3 46
câine 2 1 51 2 36
câinește 1 1 18
când 33 1 52 1 114 1 112 1 106 1 105 1 97 1 96 1 88 1 86 1 71 1 61 1 51 1 42 1 13 1 14 1 15 1 27 1 33 2 47 2 11 2 28 2 29 2 67 2 64 2 57 2 55 2 1 3 69 3 103 3 39 3 49 4 26 6 36
cândva 2 1 49 1 53
cânt 4 1 0 1 5 1 46 1 75
cânta 6 1 10 1 64 1 85 1 104 2 61 2 70
cântec 1 1 63
cântător 3 1 44 1 57 1 62
cârd 1 1 43
cârn 2 1 35 1 87
cât 17 1 52 1 114 1 107 1 87 1 81 1 80 1 76 1 69 1 46 1 36 1 34 1 14 1 8 2 50 2 18 3 4 3 103
câteodată 1 1 85
câtva 1 1 103
că 44 1 38 1 73 1 74 1 61 1 60 1 57 1 55 1 52 1 51 1 47 1 46 1 45 1 89 1 91 1 94 1 28 1 25 1 23 1 12 1 106 1 9 1 107 1 5 1 0 2 112 2 100 2 88 2 103 2 86 2 111 2 63 2 40 2 33 2 16 2 3 3 76 3 84 3 59 3 49 4 37 4 7 5 36 5 11 5 1
cădea 15 1 15 1 24 1 30 1 37 1 41 1 44 1 51 1 60 1 63 1 64 1 65 1 68 1 74 1 89 1 101
căi 1 1 15
călca 2 1 45 1 99
călcâi 1 1 14
călugăr 1 2 10
călător 2 1 27 2 98
călătorie 1 1 100
călău 1 1 96
cămașă 2 1 3 1 10
căprioară 1 1 57
căpșună 1 1 57
căra 1 1 42
cărunt 1 1 114
cărămidă 1 1 106
căta 2 1 2 1 103
către 1 1 51
cătușă 1 1 2
căuta 5 1 31 1 36 1 49 1 114 3 19
căuș 1 1 34
da 15 1 14 1 17 1 21 1 23 1 26 1 45 1 48 1 54 1 67 1 68 1 71 1 84 1 89 1 94 2 78
dac 23 1 5 1 112 1 100 1 99 1 94 1 87 1 78 1 76 1 63 1 57 1 55 1 52 1 49 1 37 1 31 1 23 1 0 2 50 2 11 2 6 3 42 3 16 6 36
dangăt 1 1 40
dans 1 3 2
dar 42 1 86 1 33 1 34 1 36 1 0 1 46 1 54 1 65 1 77 1 37 1 90 1 91 1 94 1 96 1 103 1 106 1 112 1 114 1 29 1 1 1 5 1 6 1 8 1 11 1 14 1 15 1 16 1 23 1 24 1 28 1 32 2 57 2 19 2 71 2 52 2 82 2 13 2 49 3 50 3 10 3 3 5 61
dată 3 1 11 1 44 1 105
de 106 1 1 1 114 1 109 1 96 1 77 1 73 1 51 1 41 1 39 1 17 2 24 2 40 2 8 2 38 2 82 2 43 2 33 2 76 2 29 2 95 2 27 2 97 2 22 2 21 2 20 2 47 2 18 2 62 2 60 2 103 2 110 2 112 3 64 3 56 3 5 3 81 3 58 3 0 3 86 3 87 3 90 3 91 3 94 3 98 3 99 3 100 3 101 3 105 3 2 3 45 3 32 3 31 3 44 3 12 3 46 4 49 4 34 4 104 4 88 4 84 4 93 4 79 4 9 4 6 4 75 4 74 4 72 4 70 4 13 4 68 4 59 4 67 4 48 5 52 5 16 5 14 5 37 5 15 5 23 5 83 5 108 5 106 5 11 6 3 6 26 6 28 6 78 6 4 6 66 6 61 7 85 7 80 7 50 7 19 7 55 7 53 8 7 8 92 8 89 8 65 9 42 9 71 9 69 11 10 12 36 26 57
deasupra 3 1 36 1 57 1 93
deceniu 2 1 25 1 100
decât 14 1 4 1 8 1 21 1 29 1 33 1 37 1 46 1 52 1 60 1 77 1 86 1 90 1 100 1 114
definitiv 2 1 42 1 111
defăima 1 1 6
degeaba 2 1 19 2 13
deget 3 1 10 1 43 1 50
degrada 1 1 96
delimita 1 1 7
demnitate 2 1 31 1 65
demult 1 1 108
deodată 3 1 42 1 56 2 50
deosebi 1 1 7
departe 6 1 1 1 14 1 31 1 59 1 103 1 114
depinde 3 1 36 1 93 1 94
deplin 1 1 75
depărta 4 1 15 1 38 1 40 1 114
derută 1 1 14
des 1 1 65
descheia 1 1 45
deschide 5 1 32 1 57 1 61 1 79 1 96
descoperi 4 1 34 1 50 1 80 2 19
desculț 2 1 29 1 40
desena 2 1 36 1 110
desfrunzi 1 1 84
desfăca 2 1 35 1 114
desigur 1 1 25
despica 2 1 21 1 88
despre 1 1 37
desprinde 3 1 36 1 72 1 112
despărți 1 1 19
destin 1 1 109
destina 1 1 45
destrăma 2 1 2 1 95
destăinui 1 1 25
deveni 4 1 4 1 14 1 36 1 108
dezastru 1 1 61
dezbrăca 1 1 45
dezghioca 1 1 23
dezlănțui 1 2 1
dezorienta 1 1 64
deșt 5 1 34 1 61 1 69 1 88 1 106
dietetic 1 1 85
diferi 1 1 108
dimineață 5 1 17 1 65 1 73 1 90 2 36
din 59 1 79 1 42 1 92 1 88 1 47 1 48 1 49 1 86 1 84 1 54 1 114 1 78 1 58 1 60 1 77 1 75 1 64 1 74 1 73 1 38 1 94 1 99 1 35 1 28 1 27 1 24 1 39 1 4 1 18 1 106 1 13 1 108 1 6 2 72 2 55 2 112 2 104 2 103 2 81 2 46 2 3 2 5 2 19 2 23 2 70 2 0 2 63 2 69 3 53 3 52 3 50 3 57 3 37 3 61 3 15 4 10 5 65 7 36 8 44
dinainte 2 1 49 2 36
dincolo 2 1 47 1 52
dinspre 2 1 71 2 110
dinte 5 1 1 1 18 1 45 1 46 1 73
dintre 3 1 22 1 50 1 58
dintru 5 1 15 1 44 1 49 1 87 1 100
dintâi 1 1 93
direct 1 2 15
direcție 1 1 99
discurs 1 1 85
dispera 5 1 1 1 18 1 40 1 105 1 114
dispreț 1 1 109
dispărea 5 1 4 1 26 1 29 1 31 1 36
distinct 2 1 0 1 5
distinge 2 1 36 1 91
distra 1 1 52
distruge 1 1 22
doamnă 4 1 8 1 92 1 114 2 36
doar 13 1 1 1 4 1 11 1 12 1 14 1 15 1 22 1 48 1 57 1 60 1 71 1 97 2 36
doborî 1 1 41
dobândă 1 1 108
doi 9 1 11 1 43 1 50 1 78 1 81 1 101 1 103 1 106 2 110
doilea 1 1 93
domn 3 1 46 1 61 1 70
domnule 1 1 25
domol 1 1 68
dor 3 1 4 1 37 3 50
dori 2 1 52 2 69
dorință 4 1 27 1 31 1 69 1 79
dormi 12 1 4 1 6 1 32 1 36 1 47 1 66 1 112 2 52 2 70 3 61 4 76 4 81
dospi 2 1 88 1 102
dovadă 3 1 107 1 108 2 3
drag 3 1 14 1 26 2 42
dragoste 4 1 1 1 42 1 52 1 65
dramă 1 1 6
drapel 1 1 20
drept 5 1 52 1 57 1 109 2 24 3 94
droga 1 1 9
drum 9 1 4 1 15 1 20 1 27 1 38 1 39 1 64 1 71 1 84
duce 5 1 16 1 57 1 97 2 50 2 103
ducă 1 1 50
dud 1 1 57
dudă 1 1 63
duh 1 1 88
duios 1 1 51
duioșie 1 1 111
dulce 7 1 23 1 36 1 61 1 65 1 66 1 69 2 50
dumnezeu 4 1 28 1 34 1 36 1 47
după 9 1 27 1 48 1 72 1 86 2 16 2 42 3 57 3 62 8 89
durea 8 1 11 1 23 1 29 1 36 1 72 1 87 3 90 5 8
dușman 1 2 50
dușmănie 1 1 60
echilibru 3 1 47 1 93 1 107
ecou 2 1 2 1 95
egal 3 1 43 1 50 1 114
ei 17 1 49 1 112 1 74 1 72 1 69 1 58 1 57 1 4 1 45 1 36 1 31 1 20 1 8 2 28 2 11 3 100 5 76
el 97 1 112 1 38 1 33 1 96 1 91 1 51 1 22 1 98 1 99 1 55 1 56 1 81 1 58 1 80 1 75 1 65 1 67 1 111 1 12 1 4 1 77 2 49 2 37 2 73 2 39 2 40 2 41 2 92 2 53 2 79 2 83 2 60 2 59 2 35 2 3 2 9 2 103 2 11 2 13 2 14 2 15 2 17 2 21 2 24 2 95 2 27 2 34 2 97 2 32 3 88 3 2 3 66 3 7 3 29 3 42 3 44 3 16 3 47 3 90 3 26 4 104 4 86 4 105 4 114 4 71 4 8 4 18 4 54 5 0 5 72 5 5 5 108 5 106 5 6 5 10 5 19 5 28 5 45 5 46 5 48 5 74 5 87 5 70 5 61 5 78 6 31 6 52 7 93 7 94 7 1 8 50 8 76 9 69 9 100 12 57 16 36 17 63
element 1 1 100
elice 1 2 12
emigra 1 1 68
emisferă 1 1 59
enorm 1 1 69
episcop 1 1 81
epocă 2 1 29 1 100
eres 4 1 15 1 44 1 81 1 102
eroda 1 1 101
eroic 1 1 36
eră 4 1 0 1 5 1 10 1 26
eter 1 1 6
etern 1 1 44
eternitate 5 1 50 1 67 1 74 1 87 1 98
etimologie 1 1 108
eu 90 1 98 1 87 1 18 1 64 1 67 1 83 1 101 1 90 1 91 1 8 1 41 1 6 1 61 1 32 1 95 2 29 2 43 2 86 2 40 2 37 2 16 2 89 2 112 2 92 2 93 2 60 3 46 3 47 3 48 3 62 3 71 3 39 3 56 3 73 3 34 3 0 3 27 3 24 3 22 3 19 3 88 3 15 3 14 3 12 3 5 4 45 4 94 4 84 4 78 4 75 4 114 4 11 4 100 4 110 4 105 4 108 5 57 5 26 5 31 5 106 5 65 5 51 6 97 6 38 6 77 6 25 6 4 6 7 6 58 7 72 7 2 7 55 7 69 8 23 8 9 8 21 8 80 8 42 9 109 9 1 9 53 9 49 9 13 9 3 10 44 10 10 11 52 11 17 13 50 21 36
european 1 1 85
excitație 1 1 89
exil 1 1 53
exila 1 1 75
exista 4 1 11 1 12 1 34 1 47
expira 1 1 97
export 1 1 85
expulza 1 1 90
extrage 1 1 15
extraordinar 1 1 77
face 19 1 2 1 108 1 105 1 104 1 95 1 79 1 78 1 72 1 47 1 45 1 28 1 11 1 5 1 4 1 0 2 77 3 57 3 103 8 36
faimă 1 1 6
falic 1 1 93
faptă 1 1 55
fatal 2 1 65 1 96
fată 3 1 21 1 43 1 71
fecioară 1 1 6
feciorelnic 1 2 1
fel 8 1 13 1 43 1 45 1 49 1 67 1 72 1 74 2 40
femeie 4 1 24 1 82 1 90 8 1
femel 1 1 89
fereastră 2 1 10 1 100
feri 2 1 70 2 83
feric 8 1 6 1 7 1 15 1 16 1 23 1 31 1 37 1 65
fericita 2 1 73 1 92
ferm 1 1 98
fermenta 1 1 68
feroce 1 2 48
fetiță 1 1 100
fi 96 1 0 1 87 1 39 1 29 1 28 1 41 1 25 1 24 1 95 1 97 1 21 1 19 1 81 1 77 1 99 1 73 1 104 1 9 1 72 1 107 1 5 1 70 1 3 1 58 2 51 2 55 2 43 2 61 2 35 2 34 2 32 2 2 2 112 2 110 2 105 2 102 2 101 2 98 2 18 2 26 2 30 2 88 3 80 3 79 3 83 3 74 3 94 3 84 3 71 3 86 3 89 3 69 3 65 3 63 3 114 3 59 3 56 3 53 3 11 3 60 3 33 3 22 3 14 3 38 3 42 3 13 4 108 4 27 4 93 4 91 4 45 4 100 4 78 4 48 4 12 4 49 4 52 4 10 5 103 5 37 5 6 5 44 5 76 5 67 6 4 6 46 6 113 6 57 6 8 8 31 8 96 8 23 8 50 9 7 11 1 13 36
fiară 4 1 9 1 47 1 76 1 92
fiecare 7 1 15 1 37 1 38 1 41 1 42 2 56 3 101
fiece 1 1 16
fier 1 1 101
fierbinte 3 1 38 1 66 1 92
fiere 1 1 57
fir 8 1 1 1 22 1 33 1 45 1 55 1 78 1 101 1 104
firav 4 1 0 1 5 1 57 1 81
flacără 4 1 2 1 48 1 81 2 104
floare 11 1 6 1 28 1 37 1 39 1 42 1 47 1 61 1 62 1 69 1 96 1 110
fluier 1 3 61
flutur 3 1 6 1 54 1 96
flutura 1 1 2
fluturesti 1 1 57
flămând 1 1 60
foaie 2 1 44 1 57
foame 1 1 83
foarte 1 1 10
foc 1 1 104
foetus 1 2 82
folos 1 1 60
formulă 1 1 1
formă 2 1 36 1 48
fotograf 1 1 13
fotografia 1 1 13
foșnet 2 1 77 1 89
foșni 2 1 43 1 49
fraged 5 1 44 1 63 1 65 1 72 1 92
fragil 1 1 37
fragmenta 1 1 114
fragă 1 1 63
franjurii 1 1 1
franzelă 1 1 85
frate 2 4 36 4 76
fricos 1 1 9
frică 10 1 0 1 5 1 10 1 45 1 56 1 57 1 65 1 83 1 88 1 104
frig 5 1 27 1 38 2 51 2 76 3 65
fruct 10 1 6 1 17 1 35 1 47 1 65 1 68 1 96 1 108 2 45 2 66
frumos 6 1 10 1 42 1 48 1 67 1 113 6 1
frunte 5 1 16 1 17 1 42 1 86 1 109
frunză 18 1 44 1 89 1 85 1 63 1 61 1 45 1 0 1 43 1 37 1 35 1 34 1 26 1 21 1 5 1 3 2 57 2 68 2 72
frânge 1 1 46
frânghie 1 1 2
fugă 3 1 36 1 50 1 83
fulger 1 1 2
fulgera 1 1 17
fulgerător 1 1 1
fulgui 1 1 51
fum 1 1 17
fund 1 1 44
funie 2 1 52 1 70
furiș 2 1 23 1 35
furnică 1 2 63
fustă 1 1 57
fâlfâi 1 1 52
fân 1 1 75
fâță 3 2 31 2 50 5 44
făină 1 1 85
făptură 1 1 106
fără 31 1 54 1 114 1 109 1 106 1 88 1 81 1 67 1 64 1 58 1 55 1 1 1 52 1 51 1 7 1 8 1 38 1 36 1 18 1 25 1 29 2 76 2 112 2 103 2 102 2 46 2 74 2 31 2 42 2 44 2 45 3 69
galben 4 1 17 1 45 1 65 1 83
garoafă 1 1 85
geam 2 1 0 1 5
geamăn 1 1 110
geamăt 1 1 57
geană 1 1 42
gemă 1 1 21
geniu 1 1 53
genunche 5 1 1 1 2 1 9 1 17 1 31
gerovital 1 1 85
gest 5 1 12 1 13 1 20 1 26 1 55
gheată 1 1 91
ghici 2 1 57 1 89
ghilimele 2 1 62 1 97
gingășie 1 1 9
glas 5 1 3 1 21 1 58 1 77 2 57
gleznă 1 2 2
glie 1 1 61
glumi 1 1 86
gol 8 1 14 1 35 1 45 1 66 1 68 1 85 1 103 2 34
goni 1 1 9
grabă 1 1 68
grav 4 1 0 1 2 1 5 1 14
grația 1 1 83
greier 2 1 75 2 70
greu 10 1 3 1 9 1 11 1 33 1 37 1 61 1 80 1 81 1 89 1 105
greutate 1 1 61
greși 4 1 11 1 94 1 96 3 62
gri 1 1 78
grijă 1 1 34
grindă 1 2 110
groapă 1 1 67
groază 1 1 65
grotesc 1 1 55
grozav 1 1 25
grâu 3 1 4 1 61 1 69
grăbi 3 1 38 1 99 1 101
grădină 1 1 33
grămadă 1 1 69
gură 7 1 22 1 23 1 36 1 50 1 57 1 58 2 97
gust 1 1 42
gutui 1 1 68
gâdila 1 1 37
gând 7 1 6 1 44 1 46 1 53 1 58 1 69 1 111
gândac 1 1 85
gândi 5 1 63 1 78 1 87 1 100 2 3
gărgăriță 1 1 85
găsi 9 1 21 1 24 1 34 1 36 1 47 1 52 1 79 1 114 2 19
găta 3 1 87 1 105 2 89
hai 2 1 37 1 78
hain 2 1 3 1 45
halcă 1 1 87
haos 1 1 88
hecatombă 1 1 26
hectar 1 1 85
herb 1 1 58
herghelie 1 2 13
hidos 1 1 60
hohot 2 1 90 1 97
hohoti 2 1 41 1 61
holdă 2 1 15 1 104
horia 1 1 104
hotar 3 1 7 1 47 2 19
hotărî 2 1 4 1 97
hram 1 1 40
hrană 1 1 54
hrăni 1 1 20
hulă 1 1 53
hârtie 1 1 81
hăitui 2 1 21 1 57
hămesi 1 1 9
hărnicie 1 1 64
iar 7 1 63 1 91 1 103 1 114 2 78 3 96 5 106
iarbă 13 1 1 1 26 1 33 1 34 1 37 1 57 1 63 1 68 1 70 1 92 2 17 2 43 6 78
iarnă 4 1 32 1 52 1 65 3 59
iată 4 1 72 1 95 1 99 2 3
iaurt 1 1 85
icoană 1 1 42
idee 3 1 72 1 96 1 100
ie 1 1 42
ieri 2 1 17 1 29
ierta 3 1 38 1 52 1 89
ieși 5 1 10 1 44 1 52 1 53 2 94
iluzie 1 1 100
imagină 3 1 85 1 100 1 105
imens 2 1 10 1 36
impecabil 1 1 74
impudic 1 1 66
impur 2 1 6 1 36
incapabil 1 1 100
incarceiata 1 1 57
incert 1 1 100
inconsistent 1 1 88
indecis 1 1 36
indiferent 2 1 63 1 91
inel 1 1 57
infam 1 1 106
infern 1 1 98
inimă 7 1 3 1 50 1 52 1 87 2 0 2 5 2 31
inorog 2 1 58 1 109
insectă 1 1 70
inspira 1 1 97
instrument 1 1 91
intermediar 1 1 7
interzice 1 1 26
intra 6 1 4 1 10 1 16 1 36 1 83 2 15
intraductibil 1 1 100
inventa 4 1 47 1 71 1 80 1 91
invizibil 1 1 12
iov 1 1 81
iresponsabil 1 1 4
ironic 1 1 44
ispiti 1 1 78
isteric 1 1 40
istorie 1 1 90
iubi 16 1 4 1 31 1 33 1 42 1 46 1 60 1 66 1 88 2 2 2 7 2 22 2 36 2 96 5 3 5 52 6 1
izbucni 1 1 20
izbândă 1 1 36
izola 1 1 8
izvor 2 1 26 1 59
izvorât 1 1 52
iț 7 1 12 1 33 1 57 1 78 1 94 2 40 2 50
jalnic 1 1 114
jar 1 1 104
jertfi 3 1 50 1 67 1 70
jertfă 1 1 81
jigni 1 1 9
jneapăn 1 1 46
joacă 2 1 28 1 69
joc 2 1 0 1 5
jos 1 1 13
juca 1 1 100
jucăuș 1 1 2
judeca 1 1 76
judecată 2 1 52 2 24
jumătate 2 1 55 1 73
jur 13 1 6 1 7 1 8 1 41 1 42 1 47 1 49 1 93 1 95 1 97 1 109 1 112 2 36
kenturi 1 1 85
la 44 1 39 1 78 1 75 1 73 1 82 1 71 1 67 1 63 1 60 1 86 1 55 1 89 1 47 1 41 1 40 1 38 1 37 1 90 1 31 1 25 1 97 1 16 1 15 1 104 1 105 1 8 1 107 2 111 2 106 2 2 2 72 2 24 2 13 2 10 2 4 3 50 3 33 3 9 4 85 4 87 5 93 5 100 5 3 6 57
labirint 1 1 52
labă 1 1 25
lac 4 1 53 1 61 1 80 1 98
lacom 2 1 86 1 109
lacrimei 1 1 15
lacrimă 3 1 23 1 54 1 85
lamină 1 1 74
lan 1 1 48
lanț 1 1 101
lapte 1 1 63
lasciv 1 1 52
laudă 1 1 109
laviti 1 1 15
lavă 1 1 25
laș 5 1 13 1 16 1 81 1 101 1 108
leagăn 2 1 45 3 36
lega 7 1 2 1 6 1 52 1 67 1 70 1 102 2 22
legăna 2 1 4 2 23
legănător 1 1 53
legătură 2 1 2 1 21
lene 1 1 66
lent 2 1 95 2 50
lepăda 2 1 57 1 89
liber 3 1 2 2 65 2 113
lichid 1 1 106
limbă 3 1 29 1 58 1 100
limpede 5 1 23 1 44 1 47 1 65 1 70
lin 3 1 17 1 23 1 36
linia 2 1 19 1 46
liniște 4 1 8 1 23 1 31 1 84
lipi 3 1 10 1 28 1 50
lipsi 1 1 37
lipsă 2 1 10 1 14
literatură 2 1 8 1 90
literă 3 1 54 1 81 1 90
livadă 2 1 48 1 60
loc 10 1 10 1 12 1 15 1 36 1 51 1 68 1 104 1 105 1 112 2 19
locui 3 1 50 1 53 1 104
logic 1 1 88
lotus 1 1 6
lovi 4 1 11 1 21 1 24 1 50
lua 2 1 8 1 34
lubiț 1 1 2
luci 1 1 13
lucios 1 1 92
luciu 1 1 42
lucru 4 1 10 1 15 1 83 2 77
lume 23 1 41 1 111 1 93 1 90 1 88 1 87 1 64 1 53 1 47 1 45 1 4 1 39 1 36 1 28 1 25 1 22 1 21 1 18 1 14 2 71 2 109 3 31 5 13
luminos 2 1 17 1 114
lumină 14 1 10 1 31 1 47 1 63 1 65 1 66 1 68 1 71 1 107 2 38 2 48 2 86 2 87 3 36
lumânare 1 1 31
luneca 1 1 71
lung 5 1 42 1 52 1 67 1 71 1 85
lună 8 1 35 1 57 1 62 1 70 1 71 1 75 1 80 2 50
lup 2 1 28 1 60
luptă 3 1 50 1 85 1 113
luptătoare 1 1 94
lângă 7 1 11 1 13 1 15 1 23 1 82 2 36 3 9
lăfăi 1 1 103
lăsa 19 1 43 1 112 1 110 1 97 1 67 1 57 1 51 1 48 1 1 1 42 1 36 1 23 2 35 2 53 2 70 2 7 2 2 3 20 7 17
lăuda 1 2 77
m 15 1 7 1 12 1 16 1 31 1 40 1 44 1 48 1 53 1 78 1 114 2 23 2 36 2 75 4 52 8 3
mac 1 1 61
maculă 1 1 6
magic 1 1 1
mai 53 1 112 1 88 1 84 1 81 1 78 1 93 1 63 1 60 1 58 1 103 1 104 1 45 1 42 1 105 1 38 1 106 1 108 1 7 1 28 1 8 1 111 1 23 1 17 2 90 2 86 2 9 2 71 2 69 2 94 2 18 2 57 2 56 2 55 2 26 2 49 2 29 2 43 2 33 3 95 3 114 3 77 3 53 3 52 3 48 3 41 3 13 4 65 4 98 5 4 6 31 6 1 7 96 9 36
mal 3 1 53 1 96 1 106
mamă 5 1 38 1 71 1 82 2 23 2 100
mantă 1 1 36
mare 16 1 6 1 42 1 44 1 52 1 57 1 59 1 64 1 95 1 96 1 105 2 7 2 24 2 61 3 11 4 3 4 40
margine 3 1 19 1 87 1 92
matur 2 1 4 1 14
mazăre 1 1 4
mașină 1 1 85
meduză 1 1 95
mei 12 1 7 1 15 1 25 1 29 1 32 1 36 1 49 1 89 2 13 2 17 3 2 4 76
melc 1 1 57
mercur 1 1 105
mereu 12 1 13 1 16 1 36 1 64 1 89 1 93 1 99 1 108 2 52 2 67 2 95 2 105
merge 6 1 29 1 40 1 79 1 99 1 114 2 4
merinde 1 1 71
mesaj 1 1 39
metafizic 1 1 15
meu 37 1 110 1 50 1 48 1 67 1 46 1 73 1 38 1 90 1 34 1 33 1 31 1 29 1 23 1 101 1 18 1 15 1 12 1 9 1 8 2 97 2 68 2 109 2 7 2 63 2 56 2 47 2 22 3 58 3 62 3 53 3 42 3 89 3 21 3 10 6 44 6 2 13 36
mezat 1 1 100
mic 2 1 4 2 96
microb 1 1 6
miere 1 1 65
miez 2 1 67 1 114
migra 1 1 98
mijloc 2 1 76 1 93
mijloci 1 1 38
mileniu 4 1 3 1 16 1 101 1 103
milimetru 1 1 93
milion 1 1 89
milă 4 1 18 1 46 1 52 3 9
minge 1 1 51
mintă 3 1 60 1 100 4 105
minut 1 1 103
mioară 1 1 63
mir 2 1 44 1 58
mireasmă 2 1 69 1 75
mireasă 1 1 110
miros 7 1 43 1 57 1 66 1 69 1 81 1 87 2 1
mirosi 1 1 68
miră 8 1 36 1 44 1 49 1 60 1 66 1 68 1 110 3 45
mister 1 1 108
mistui 1 1 104
mișca 8 1 12 1 55 1 56 1 110 2 36 2 95 2 112 3 96
moale 4 1 43 1 51 1 52 1 55
moare 4 1 8 1 65 1 72 1 74
moarte 25 1 42 1 114 1 107 1 88 1 84 1 76 1 59 1 58 1 53 1 43 1 6 1 38 1 37 1 36 1 35 1 32 1 14 1 8 2 50 2 23 2 67 2 75 2 21 2 20 4 16
moară 5 1 11 1 34 1 96 1 112 4 42
moaște 1 1 72
modela 1 1 48
modern 1 1 98
modest 1 1 32
moleculă 1 1 101
molipsi 1 1 50
moloz 1 1 97
moment 1 1 100
mor 7 1 13 1 52 1 66 1 67 1 72 2 69 3 77
morman 1 1 3
mormânt 1 1 38
mort 3 1 57 1 80 1 109
motiv 1 1 103
mototol 1 1 45
moștean 1 1 108
muchie 1 1 50
mugur 1 1 83
muia 1 1 78
mult 16 1 4 1 9 1 26 1 28 1 33 1 37 1 42 1 43 1 44 1 58 1 64 1 75 1 77 1 90 2 50 2 56
mulțime 2 1 103 1 109
mulțumi 2 1 23 4 13
muncă 1 1 85
munte 1 1 46
mur 10 1 6 1 8 1 13 1 25 1 29 1 42 1 48 1 113 2 50 2 95
murdar 1 1 100
muritor 2 1 95 2 36
murmur 1 1 36
murmura 1 1 94
mut 5 1 6 1 43 1 54 1 81 1 98
muzică 1 1 91
mușca 2 1 26 3 13
mușchi 1 1 7
mâhni 1 3 13
mâine 1 1 29
mândru 1 1 23
mângâia 5 1 9 1 25 1 36 1 41 1 42
mângâios 1 1 36
mânia 1 1 28
mânji 1 1 45
mână 5 1 9 1 42 1 45 1 57 2 89
măcar 3 1 26 1 69 1 77
mănos 1 1 104
mănăstire 2 1 106 2 95
măr 3 1 26 1 65 1 85
măsură 1 1 68
mătase 2 1 7 1 78
mătrăgună 2 1 57 1 62
mătăsos 2 1 11 1 73
navetist 1 1 96
naviga 2 1 32 1 53
naște 13 1 13 1 29 1 42 1 46 1 53 1 82 1 84 1 86 1 96 2 4 2 6 2 36 2 72
nea 2 1 52 1 55
neacasa 1 1 67
neadormit 1 1 17
neascultare 1 1 104
neastâmpărat 1 1 105
neatent 1 1 99
neatins 2 1 6 1 34
nebun 1 1 10
nebunesc 3 1 21 1 93 1 96
nebunie 2 1 10 1 83
necheza 1 1 13
necunoscut 3 1 20 1 56 1 100
nedevenite 1 1 100
neduse 1 1 17
neferici 1 1 41
neființă 1 1 32
nefăcut 1 1 26
neg 1 1 50
negasire 1 1 36
negri 1 1 45
negru 1 1 51
nehotărât 1 1 29
neiertător 1 1 58
neinstare 2 1 93 1 100
neinventata 1 1 71
neliniștitor 1 1 107
nemaideslusitul 1 1 109
nemaiinnabusite 1 1 90
nemaitrebuind 1 1 48
nemișcat 1 1 11
nemuri 2 1 112 1 114
nemuritor 1 1 61
nenascut 3 1 54 1 82 1 108
nenteleasa 2 1 42 1 65
neomenesc 1 1 90
neploaia 1 1 19
neprihănit 1 1 6
neprivit 1 1 64
neputincios 1 1 12
nereusind 1 1 45
nerod 1 1 45
nerodire 1 1 45
nerostire 1 1 46
nerostit 1 1 23
nerv 1 1 8
nervură 1 1 72
nerăbdare 1 1 38
nerăbdător 2 1 16 1 76
neschimbat 1 1 14
nescris 1 2 10
nesfârșit 1 2 65
nesigur 2 1 46 1 93
nesiguranță 1 1 93
nestins 1 1 65
neterminat 1 1 55
netrait 1 1 52
netrecut 1 1 100
nevinovat 1 2 24
nevoie 3 1 29 1 40 1 112
nevăzut 2 1 40 1 91
neîntrebat 1 1 82
neînțeles 2 1 23 1 58
ni 1 1 67
nici 26 1 33 1 67 1 63 1 59 1 1 1 50 1 48 1 69 1 36 1 71 1 29 1 91 1 26 1 103 1 9 1 104 2 54 2 45 2 27 3 31 3 77 3 100 3 24 3 8 4 83 4 89
nicicând 1 1 36
niciodată 13 1 0 1 5 1 34 1 43 1 45 1 51 1 94 1 108 1 112 2 47 2 83 2 87 4 2
nicăiri 1 1 67
nimb 2 1 42 1 78
nimeni 9 1 9 1 27 1 29 1 31 1 46 1 51 1 63 1 96 2 50
nimic 6 1 31 1 36 1 47 1 91 1 96 1 101
ning 2 1 52 1 65
ninge 2 1 52 5 60
ninsoare 4 1 13 1 40 1 60 2 52
nisip 2 1 30 1 101
niște 6 1 2 1 76 1 93 1 95 1 99 1 105
noapte 13 1 2 1 10 1 17 1 41 1 45 1 48 1 65 1 68 1 75 1 76 1 107 2 53 5 36
noptos 1 1 36
nor 11 1 35 1 39 1 57 1 61 1 88 1 89 1 93 1 94 1 95 2 46 3 78
nord 1 1 57
noroc 3 1 63 1 67 1 109
norocos 1 1 45
noroi 1 1 2
nostalgie 1 1 36
nostru 7 1 42 1 50 1 79 2 3 2 4 2 43 2 61
nou 6 1 23 1 48 1 84 1 98 2 36 3 2
nour 2 1 78 1 104
noțiune 1 1 100
nu 83 1 1 1 54 1 58 1 60 1 40 1 37 1 67 1 70 1 72 1 74 1 27 1 83 1 86 1 87 1 101 1 103 1 17 1 2 1 106 1 107 1 9 1 5 1 108 1 111 1 0 2 52 2 94 2 53 2 114 2 59 2 63 2 69 2 75 2 81 2 105 2 82 2 88 2 22 2 46 2 45 2 11 2 43 2 42 2 41 2 39 2 12 2 18 2 20 2 31 3 23 3 25 3 89 3 21 3 95 3 100 3 7 3 112 3 6 3 28 3 49 3 50 3 44 3 77 3 34 3 29 3 32 3 71 4 26 4 13 4 104 4 33 4 96 4 91 4 79 5 97 5 47 6 92 6 76 6 57 6 24 6 113 7 8 10 36
nuanță 1 1 14
nuc 1 1 77
nucă 1 1 68
numai 30 1 8 1 108 1 104 1 91 1 80 1 74 1 63 1 57 1 49 1 45 1 42 1 41 1 30 1 1 1 22 1 27 1 39 1 33 2 53 2 54 2 31 2 70 2 71 2 47 2 93 2 12 3 23 3 35 7 36 10 50
nume 3 1 51 1 78 1 103
numi 1 1 81
număr 4 1 56 1 58 1 89 1 94
numărătoare 1 1 94
nărui 1 1 106
nătâng 1 1 57
năuc 1 1 2
oară 10 1 11 1 34 1 56 1 57 1 78 1 81 1 89 1 96 1 110 2 53
obez 1 1 29
obosi 5 1 20 1 31 1 46 1 111 2 72
obositor 1 1 92
obraz 3 1 3 1 7 1 45
ocean 1 1 44
oceanic 1 1 85
ochi 27 1 3 1 88 1 69 1 61 1 54 1 53 1 51 1 50 1 48 1 44 1 43 1 40 1 39 1 32 1 28 1 17 1 13 1 10 1 2 2 18 2 57 2 7 2 89 3 49 4 36 5 42 5 109
octogenar 1 1 25
octombrie 2 1 42 1 45
odaie 1 1 10
odată 3 1 36 1 51 1 95
odihni 1 1 23
odăjdii 1 1 45
ofta 1 1 92
oglindă 5 1 56 1 80 1 110 2 0 2 5
oh 2 1 13 1 50
om 4 1 14 1 52 1 77 1 85
omenesc 1 1 60
omeni 2 1 88 1 107
omidă 1 1 6
omoplat 1 1 45
omăt 1 1 43
onest 1 1 100
opri 8 1 13 1 25 1 36 1 66 1 74 1 95 3 96 3 103
optimist 1 1 100
or 2 1 78 2 63
oraș 1 1 27
orb 6 1 0 1 5 1 37 1 49 1 63 3 57
orbitor 1 1 87
ordonator 1 1 88
orgoliu 1 1 65
orgă 1 1 91
orice 10 1 13 1 16 1 26 1 37 1 42 1 46 1 48 1 50 1 56 1 96
oricum 3 1 4 1 17 1 94
oricând 5 1 3 1 15 1 48 1 53 1 99
oricât 1 1 12
ornic 1 1 44
oră 5 1 17 1 64 1 65 1 68 1 96
os 4 1 35 1 50 1 61 1 101
osifica 1 1 95
otravă 1 1 26
otrăvitor 1 1 60
ou 4 1 57 1 62 1 85 1 95
pace 2 1 81 1 85
pajiște 1 1 48
palmă 6 1 7 1 54 1 57 1 97 1 105 2 34
pană 4 1 28 1 45 1 57 1 94
par 5 1 7 1 9 1 12 1 29 1 88
paradis 2 1 81 1 109
parolă 1 1 10
part 5 1 53 1 93 2 19 2 50 2 103
pas 9 1 7 1 13 1 15 1 17 1 29 1 50 1 96 3 77 6 62
pască 1 1 63
pasăre 15 1 10 1 17 1 24 1 26 1 28 1 40 1 43 1 54 1 60 1 62 1 68 1 92 2 41 2 49 2 57
pat 1 1 8
patimă 4 1 2 1 15 1 31 3 1
patrie 2 1 37 1 53
patru 1 2 50
patrulea 1 1 106
patruzeci 1 1 103
paznic 1 2 36
pașnic 1 1 12
pe 75 1 84 1 28 1 31 1 32 1 87 1 37 1 38 1 39 1 85 1 42 1 43 1 34 1 47 1 78 1 75 1 71 1 57 1 60 1 63 1 65 1 68 1 26 1 1 1 2 1 0 1 5 1 7 1 8 1 110 1 100 1 88 1 25 1 90 1 93 1 21 1 98 2 73 2 112 2 69 2 92 2 72 2 108 2 106 2 79 2 81 2 105 2 86 2 99 2 44 2 17 2 20 2 22 2 24 2 27 2 40 2 13 2 10 2 49 2 9 2 52 3 41 3 15 3 67 3 51 3 23 3 53 3 61 4 3 4 103 4 19 4 45 4 76 5 46 5 50 6 36
pedepsi 3 1 26 1 31 1 52
pentru 27 1 6 1 112 1 103 1 100 1 94 1 91 1 85 1 74 1 63 1 56 1 54 1 52 1 50 1 49 1 47 1 42 1 38 1 32 1 31 1 23 1 16 2 95 2 7 3 80 3 1 5 110 9 113
pereche 3 1 57 1 67 1 69
peregrina 1 1 23
perete 1 1 13
perfect 5 1 7 1 8 1 47 1 50 1 91
perpetua 1 1 74
pescăruș 1 1 40
pestă 13 1 2 1 13 1 40 1 43 1 46 1 78 1 85 1 97 1 105 1 108 2 36 3 57 3 60
pește 3 1 40 1 57 1 98
piatră 5 1 24 1 46 1 87 1 89 1 112
picior 4 1 25 1 29 1 36 1 50
picotitor 1 1 66
picotitorii 1 1 61
picura 3 1 23 1 57 1 58
piele 3 1 51 1 57 1 92
piept 4 1 0 1 5 1 36 1 58
pieptăna 1 1 71
pierde 8 1 3 1 16 1 45 1 46 1 66 1 100 1 112 3 105
pieri 4 1 9 1 18 1 76 1 80
pieritor 1 1 91
piersic 1 2 77
pietricea 1 1 92
pisc 1 1 36
pisic 1 1 85
pitic 1 1 96
plac 1 1 2
place 1 2 1
plajă 1 1 40
plantă 4 1 24 1 66 1 86 2 83
pleată 4 1 42 1 43 1 57 1 71
pleca 5 1 1 1 38 1 51 1 67 2 10
pleoapă 7 1 18 1 40 1 44 1 49 1 52 1 67 1 69
plesni 1 1 51
plictisitor 1 1 1
plimba 1 1 3
plin 1 1 71
plisc 1 1 57
ploaie 5 1 63 3 2 3 19 5 78 19 1
ploios 1 1 27
ploua 2 1 78 3 1
pluti 1 1 3
plânge 14 1 8 1 12 1 16 1 23 1 36 1 44 1 61 1 65 1 75 1 90 1 97 2 9 2 17 6 109
plăcea 1 1 105
plăti 1 1 108
poală 1 2 23
poartă 4 1 4 1 15 1 21 1 108
poem 1 1 10
poet 2 2 10 3 112
poezie 2 1 62 4 10
polen 1 1 43
pom 3 1 17 1 37 1 92
popor 4 1 60 1 85 2 82 2 84
porni 6 1 4 1 13 1 53 1 77 1 99 1 103
port 1 1 45
portar 1 1 15
portret 1 1 85
poruncă 3 1 36 1 67 1 90
pot 10 1 13 1 21 1 49 1 50 1 54 1 100 1 103 1 111 2 47 2 53
potecă 2 1 3 1 15
poticni 1 1 87
potir 1 1 97
povară 1 1 50
praf 2 1 64 1 69
prea 9 1 32 1 36 1 50 1 70 1 81 2 13 2 95 3 65 9 113
preajmă 1 1 26
precum 6 1 0 1 5 1 14 1 15 1 16 1 58
prefață 1 1 10
prefera 1 1 7
prelinge 3 1 13 1 46 1 87
prestabili 1 1 89
presupune 1 1 100
preveni 1 1 26
prevestitor 1 1 53
prevăzător 1 1 68
preț 1 1 10
pricepe 1 2 77
pricină 1 1 69
prihană 2 1 54 1 106
prim 7 1 4 1 10 1 24 1 34 1 36 1 93 1 96
prin 25 1 42 1 81 1 79 1 60 1 59 1 89 1 1 1 45 1 43 1 34 1 29 1 27 1 24 1 20 1 16 1 104 1 106 2 52 2 82 2 15 3 57 3 88 3 53 3 3 5 100
principal 1 1 105
prinde 3 1 3 1 9 1 43
printre 6 1 45 1 52 1 69 1 81 1 83 1 110
prinț 1 1 70
pripi 1 1 57
privată 1 1 83
priveghe 1 1 8
privi 17 1 48 1 110 1 109 1 67 1 56 1 52 1 51 1 49 1 0 1 29 1 18 1 5 1 1 2 50 2 40 3 2 4 42
proaspăt 1 1 1
probabil 1 1 7
procrea 1 1 21
produce 1 1 8
producție 1 1 85
propriu 2 1 70 1 108
prost 2 1 94 2 9
prosterna 2 1 44 1 46
prostesc 1 1 38
protocolar 1 1 111
prună 1 1 75
prânz 1 1 90
prăpastie 1 1 93
prăpăd 3 1 7 1 13 1 36
prăval 1 1 95
prăvăli 1 1 36
pulbere 2 1 88 1 101
pumn 2 1 105 2 3
pune 4 1 33 1 36 1 97 3 62
punte 1 1 93
pur 4 1 3 1 7 1 45 1 107
purifica 1 1 48
puritate 2 1 6 1 7
purta 5 1 2 1 10 1 55 1 63 2 50
purtător 2 1 15 1 31
pururea 1 1 106
putea 41 1 102 1 81 1 59 1 83 1 86 1 52 1 91 1 93 1 96 1 99 1 100 1 40 1 38 1 37 1 35 1 34 1 30 1 25 1 22 1 18 1 15 1 12 1 106 1 6 1 107 2 3 2 104 2 75 2 63 2 55 2 48 2 45 2 41 2 19 2 1 3 57 3 49 3 95 4 36 4 11 5 50
puternic 4 1 4 1 14 1 66 1 93
putință 1 1 71
putred 6 1 14 1 20 1 35 1 65 1 87 1 96
pușcă 3 1 61 1 71 1 77
puțin 5 1 26 1 45 1 94 1 101 2 77
pân 2 1 37 1 38
pândi 1 1 53
pântec 1 1 100
pânzet 1 1 68
pânză 1 1 99
până 13 1 12 1 23 1 50 1 54 1 56 1 77 1 84 1 104 2 2 2 19 2 71 2 100 3 57
pârtie 1 1 88
pârâiaș 1 1 87
păcat 5 1 6 1 63 1 86 1 108 3 36
pădure 7 1 28 1 45 1 48 1 61 1 92 2 3 2 36
păianjen 1 1 68
pământ 25 1 46 1 108 1 95 1 92 1 83 1 63 1 59 1 53 1 49 1 48 1 42 1 37 1 35 1 26 1 24 1 21 1 20 1 6 2 45 2 2 2 61 2 71 2 78 2 11 3 19
păpădie 1 1 57
păr 5 1 1 1 28 1 57 2 2 2 71
părea 4 1 3 1 43 1 49 1 71
părinte 6 1 21 1 25 1 36 2 22 3 15 3 71
păros 1 1 10
părăsi 3 1 38 1 79 3 68
păstra 1 1 76
pătrunde 6 1 3 1 16 1 38 1 43 1 63 1 72
pătul 1 1 69
păun 1 1 57
păși 1 3 62
pășună 1 1 15
r 1 1 10
radă 7 1 10 1 36 1 57 1 63 1 69 1 86 1 87
ram 1 1 72
rană 5 1 29 1 41 1 87 1 89 1 113
raport 1 1 93
rar 5 1 52 1 57 1 58 1 76 1 106
rată 1 1 10
real 1 1 90
reavăn 2 1 3 4 65
rece 5 1 25 1 51 1 58 1 59 1 88
recunoaște 2 1 45 1 57
recunoscător 1 1 75
refugia 1 1 13
refuza 4 1 51 1 85 1 107 2 112
regat 1 1 57
rege 3 1 58 1 61 1 80
regent 1 1 80
regeste 1 1 57
regiune 1 1 85
regn 1 1 100
reintra 1 1 15
renaște 1 2 95
renunța 1 1 9
repartiza 1 1 98
repede 4 1 34 1 48 1 91 1 112
respira 1 1 36
retrage 1 1 7
reuși 3 1 70 1 91 2 100
revoltă 1 1 84
reîncepe 1 2 19
ridica 2 1 50 1 104
ridicol 3 1 7 1 9 1 14
rimă 1 1 81
riscant 2 1 13 2 16
risipi 1 1 101
roadă 2 1 45 1 61
roată 6 1 12 1 36 1 40 1 67 1 93 1 98
rochie 1 1 1
rodi 2 1 6 1 104
roi 1 1 61
românie 1 1 85
rost 1 1 38
rosti 3 1 1 1 6 1 10
rostogoli 2 1 68 1 96
rotund 2 1 37 1 42
rotunji 1 1 58
rouă 2 1 45 1 70
roș 1 1 67
rugină 1 1 101
rugă 4 1 38 1 46 1 58 2 109
rugăciune 2 1 51 1 54
rupe 4 1 1 1 38 1 51 1 87
rușine 3 1 45 1 56 1 66
râde 5 1 7 1 13 1 37 1 41 1 45
rând 2 1 108 2 19
râu 2 1 61 1 92
răbda 1 1 104
răbdător 1 1 11
răci 1 1 31
răcnet 1 1 90
răcoros 1 1 72
rădăcină 8 1 9 1 15 1 42 1 43 1 49 1 86 1 92 1 94
răgaz 1 1 7
răguși 1 1 57
rămâne 7 1 31 1 42 1 67 1 97 1 111 2 54 2 75
răscoală 1 1 104
răscruce 1 1 4
răscumpăra 2 1 10 1 90
răsfira 1 1 43
răsfrânge 1 1 110
răspunde 5 1 10 1 29 1 94 1 100 1 103
răstigni 1 2 110
răsuci 5 1 8 1 36 1 78 1 97 1 109
răsufla 1 2 36
răsări 5 1 22 1 56 1 57 1 66 1 92
rătăci 1 1 15
răuplatnic 6 1 9 1 14 1 66 1 93 1 96 4 19
răutate 1 1 60
războinic 1 1 61
răzvrăti 1 1 93
salam 1 1 85
salcâm 2 1 0 1 5
salvator 1 1 42
salvă 1 1 42
sapă 1 1 101
sat 3 1 64 3 15 4 104
sațiu 1 1 88
scară 1 1 103
sceptic 1 1 113
schimb 2 1 67 1 78
schimba 4 1 58 1 90 1 93 1 96
sclav 1 1 100
scoate 2 1 63 1 88
scoică 1 1 3
scop 1 1 55
scrie 3 1 10 1 63 1 81
scrum 1 1 67
scufă 1 1 95
sculă 1 1 51
scurge 5 1 17 1 36 1 57 1 79 1 95
scuză 1 1 25
scânci 1 1 13
scârbi 1 1 61
scârbă 2 1 44 2 7
scălda 1 1 14
scămoșa 1 1 52
seamă 1 1 89
seamăn 1 1 48
seară 8 1 0 1 5 1 15 1 17 1 27 1 65 1 85 1 110
seculariza 1 1 98
secund 5 1 16 1 24 1 101 1 103 2 55
semn 5 1 26 1 28 1 29 1 52 1 76
semăna 5 1 21 1 43 1 53 1 61 1 89
senin 2 1 19 1 68
sens 4 1 67 1 80 1 88 1 108
sentiment 1 1 8
senzual 1 1 66
serial 1 1 85
serv 1 1 41
setă 1 2 80
sevă 1 1 72
sfert 1 1 81
sfânt 5 1 35 1 36 1 50 1 81 1 107
sfârși 8 1 1 1 29 1 60 1 61 1 68 1 74 1 76 2 64
sfâșia 2 1 3 1 17
sfâșietor 1 1 8
sfărma 2 1 18 1 64
sfărâmă 1 1 96
si 82 1 43 1 87 1 81 1 25 1 80 1 77 1 39 1 41 1 73 1 86 1 72 1 69 1 47 1 49 1 60 1 0 1 54 1 103 1 114 1 113 1 5 1 104 1 10 1 20 1 102 1 94 1 92 1 17 1 18 1 90 2 78 2 100 2 79 2 70 2 108 2 57 2 67 2 110 2 64 2 112 2 88 2 52 2 24 2 27 2 28 2 21 2 19 2 42 2 14 2 13 2 48 2 12 2 11 2 50 2 9 2 6 2 4 3 96 3 93 3 15 3 22 3 58 3 29 3 51 3 68 3 46 3 23 4 63 4 3 4 2 5 75 5 45 5 76 5 97 5 66 6 44 6 65 6 61 6 109 7 95 7 36 9 1
sicriu 2 1 77 1 88
sigur 1 1 49
siguranță 2 1 46 1 84
sihastru 1 1 28
silabă 2 1 54 1 58
sili 1 1 21
silă 2 1 16 1 55
simplu 2 1 31 1 33
simț 6 1 15 1 16 1 49 1 51 2 7 2 36
simți 10 1 1 1 10 1 11 1 34 1 36 1 42 1 51 1 63 1 87 1 100
sinceritate 1 1 70
singulariza 1 1 8
singur 11 1 36 1 41 1 48 1 50 1 54 1 56 1 77 1 80 1 83 1 105 2 61
singurătate 3 1 36 1 59 1 70
slab 1 4 7
smulge 5 1 55 1 87 1 93 1 97 2 50
soare 14 1 17 1 43 1 56 1 57 1 62 1 63 1 66 1 68 1 69 1 97 1 107 2 37 2 50 3 36
soartă 4 1 4 1 14 1 45 1 106
solidaritate 1 1 26
somn 19 1 53 1 105 1 97 1 84 1 61 1 56 1 55 1 0 1 52 1 46 1 44 1 37 1 32 1 18 1 5 2 70 2 80 2 15 4 76
somnambul 1 1 106
somnoros 4 1 43 1 63 1 65 1 73
somnos 1 1 61
somptuos 1 1 77
sorb 1 1 63
soț 1 1 25
spaimă 6 1 10 1 14 1 36 1 79 1 97 1 99
sparge 5 1 47 1 64 1 96 1 101 1 105
spată 1 5 50
spațiu 1 1 12
spera 2 1 96 3 36
speranță 2 1 102 1 108
speria 7 1 3 1 12 1 23 1 43 1 57 1 114 2 33
spic 1 1 41
spin 3 1 36 1 42 1 45
spinare 1 1 92
spre 21 1 52 1 110 1 109 1 98 1 96 1 95 1 90 1 81 1 71 1 57 1 3 1 39 1 35 1 31 1 23 1 17 1 13 1 6 2 10 2 9 3 65
sprijini 2 1 11 1 93
spulbera 1 1 31
spumă 1 1 95
spune 18 1 7 1 114 1 106 1 94 1 89 1 79 1 74 1 51 1 40 1 29 1 15 1 8 1 1 2 42 2 57 2 25 2 10 3 31
spân 1 1 57
spăla 1 1 78
sta 27 1 57 1 110 1 109 1 103 1 97 1 95 1 86 1 84 1 69 1 68 1 59 1 58 1 1 1 53 1 43 1 42 1 25 1 20 1 11 1 9 1 7 1 4 1 2 2 50 2 37 2 75 3 96
statuie 1 1 16
stație 1 1 103
steguleț 1 1 85
steril 1 1 9
sticlă 2 1 74 1 85
stinge 7 1 22 1 37 1 40 1 44 1 66 1 97 2 61
stixului 1 1 14
stoarce 1 1 3
stradă 3 1 25 1 27 1 99
strat 2 1 3 1 93
streașină 1 1 91
strigă 9 1 28 1 36 1 40 1 49 1 57 1 76 1 95 2 104 3 3
strivi 3 1 45 1 50 1 109
strivitor 1 1 67
strugur 5 1 43 1 61 1 65 1 68 1 77
strugure 1 1 4
strună 1 1 70
strânge 8 1 23 1 46 1 51 1 52 1 58 1 71 1 97 2 105
străbate 1 1 108
străbun 1 1 15
străin 6 1 27 1 36 1 58 1 59 1 75 1 114
străinătate 2 1 38 1 53
străluc 1 1 7
strălucitor 3 1 65 1 72 1 105
strălumina 1 1 16
străvechi 1 1 67
stuh 1 1 69
stup 2 1 28 1 76
stâlp 1 1 95
stâncă 1 2 101
stâng 2 1 57 1 109
stângaci 3 1 45 1 58 1 114
stârpi 1 1 104
stăpâni 3 1 53 1 105 1 113
stăpână 4 1 53 1 56 1 57 2 54
sub 12 1 9 1 20 1 36 1 44 1 45 1 52 1 66 1 69 1 71 1 78 1 90 2 61
substanță 1 1 74
subția 1 1 101
subțioară 1 1 57
subțire 4 1 15 1 70 1 110 2 36
sud 1 1 57
sudalmă 2 1 7 1 54
suferi 1 1 74
suferință 4 1 23 1 31 1 74 2 101
suficient 1 1 108
suflet 3 1 47 1 76 3 34
suge 1 1 23
sumbru 1 1 110
sunet 3 1 15 1 46 1 91
superb 1 1 58
superior 1 1 85
suport 1 1 109
suprapune 1 1 50
suprem 1 1 89
suprima 1 1 26
supune 2 1 23 1 109
supă 1 1 45
sur 1 1 61
surpa 2 1 95 1 106
surâde 1 1 36
surâzător 1 1 9
sus 1 1 57
suspect 1 1 70
suspenda 1 1 55
suspin 1 1 61
sutană 1 1 10
sâmbur 7 1 35 1 44 1 54 1 66 1 104 1 105 1 114
sâmbătă 1 1 85
sân 2 1 11 1 23
sânge 10 1 15 1 22 1 31 1 46 1 53 1 82 1 87 1 105 2 50 2 52
sângera 1 1 87
să 95 1 20 1 43 1 40 1 46 1 37 1 59 1 32 1 61 1 29 1 68 1 76 1 17 1 83 1 8 1 114 1 111 1 106 1 98 1 92 1 84 1 90 1 10 1 86 2 75 2 71 2 78 2 54 2 96 2 79 2 58 2 55 2 51 2 99 2 49 2 80 2 87 2 41 2 28 2 24 2 42 2 38 2 39 3 103 3 5 3 6 3 94 3 93 3 91 3 9 3 89 3 88 3 13 3 3 3 108 3 70 3 18 3 31 3 0 3 34 4 16 4 97 4 50 4 2 4 100 4 35 4 101 4 11 4 33 4 15 4 48 4 60 4 104 4 21 4 105 4 23 4 26 4 44 5 110 5 45 5 95 5 52 5 81 6 19 6 77 7 112 7 53 8 69 8 57 8 72 8 63 9 7 10 4 10 1 13 109 17 36
săgeată 1 1 108
sălbatec 1 1 86
sămânță 9 1 15 1 22 1 48 1 62 1 63 1 76 1 100 2 45 3 86
sănia 1 1 13
săpa 1 1 93
săra 1 1 108
sărut 1 1 9
săruta 2 1 2 1 22
său 14 1 11 1 23 1 31 1 36 1 48 1 83 1 87 1 100 1 103 1 114 2 49 2 50 2 93 3 6
ta 5 1 3 1 110 2 23 2 36 2 50
tac 1 1 11
taină 3 1 22 1 23 2 25
talger 1 1 6
talion 1 1 52
talpă 4 1 40 1 45 1 78 3 62
tală 4 1 36 1 40 1 78 2 23
tampon 1 1 103
tandru 1 1 48
tară 5 1 37 1 53 1 61 2 68 3 71
tată 5 1 22 1 23 1 46 1 71 3 36
teamă 7 1 7 1 8 1 18 1 23 1 26 1 27 1 36
teasc 1 1 65
tel 1 1 79
televizor 1 1 85
templu 1 1 81
temă 3 1 11 1 12 1 79
termina 2 1 24 1 44
termometru 1 1 105
tii 2 1 23 1 97
timp 18 1 14 1 105 1 103 1 101 1 98 1 76 1 74 1 47 1 46 1 44 1 41 1 38 1 36 1 30 2 18 2 112 2 114 3 3
tină 16 1 10 1 18 1 33 1 39 1 41 1 46 1 50 1 51 1 52 1 54 1 87 1 97 2 3 2 38 3 53 4 36
tiran 1 1 46
toamnă 2 2 65 5 17
toană 1 1 106
toarce 2 1 7 1 75
tobogan 1 1 84
ton 1 3 7
tot 32 1 33 1 87 1 85 1 71 1 70 1 89 1 63 1 53 1 90 1 50 1 45 1 38 1 32 1 92 1 23 1 22 1 97 1 104 1 13 1 9 1 112 2 52 2 102 2 114 2 1 2 31 2 21 2 19 2 14 2 7 2 4 3 67
total 1 1 90
totuși 4 1 1 1 6 1 65 1 89
tradițional 1 1 8
trage 3 1 34 1 36 1 73
tramvai 1 1 85
transhumata 1 1 61
transmite 2 1 8 1 39
transparent 1 1 12
tranziție 1 1 7
trebui 9 1 4 1 10 1 23 1 28 1 36 1 46 1 57 1 60 1 111
trece 17 1 34 1 101 1 89 1 81 1 53 1 4 1 29 1 27 1 16 1 14 1 9 1 7 2 49 2 57 3 15 4 52 6 88
trecătoare 1 2 1
trei 2 1 57 2 23
treilea 1 1 106
treizeci 1 3 71
tremur 3 1 57 1 61 1 72
tremura 1 1 88
tremurătoare 1 1 31
treptat 1 1 31
tresări 1 1 97
trezi 6 1 52 1 55 1 69 1 73 2 57 2 76
tribut 1 1 6
trimite 3 1 24 1 28 1 76
trivial 1 1 7
trup 12 1 0 1 5 1 8 1 11 1 23 1 28 1 34 1 53 1 73 1 82 1 97 3 10
trăda 1 1 68
trăi 6 1 6 1 9 1 47 1 70 1 74 2 25
tu 53 1 73 1 46 1 45 1 44 1 43 1 47 1 41 1 51 1 52 1 55 1 68 1 72 1 28 1 89 1 94 1 16 1 14 1 97 1 11 1 10 1 7 1 101 1 108 1 110 2 86 2 112 2 67 2 100 2 8 2 40 2 37 2 3 2 22 2 6 2 32 2 29 3 42 3 96 3 18 3 78 4 88 5 23 5 63 5 12 6 25 6 69 6 2 6 53 7 1 7 33 8 50 12 57 17 36
tulbura 3 1 25 1 36 1 65
tulpină 1 1 83
turmă 1 1 61
turn 2 1 67 1 99
tâmplă 3 1 67 1 97 2 2
tânji 1 1 65
tânăr 6 1 43 1 73 1 113 1 114 2 4 2 67
târg 1 1 100
târnă 2 1 9 1 93
târziu 5 1 33 1 60 1 71 1 86 1 108
târî 1 1 93
tăcea 8 1 0 1 5 1 6 1 64 1 75 1 77 1 80 1 104
tăia 1 1 71
tău 8 1 41 1 46 1 48 1 53 1 88 2 23 2 36 2 109
tăvăli 1 1 1
ucenici 1 1 23
ucide 4 1 9 1 26 1 41 2 42
ucigaș 1 1 42
ucigător 1 1 12
ud 1 1 36
ui 3 1 29 1 56 1 89
uimi 4 1 58 1 66 1 69 1 88
uita 13 1 3 1 17 1 28 1 31 1 40 1 55 1 58 1 75 1 76 1 104 1 108 2 36 2 78
uituc 1 1 52
ulcea 1 1 44
ulei 1 1 85
ultim 4 1 31 1 89 1 93 1 104
umanism 1 1 9
umbla 3 1 1 1 3 1 27
umbră 7 1 31 1 39 1 43 1 71 1 77 1 79 1 110
umfla 3 1 88 1 95 1 99
umil 3 1 9 1 36 2 113
umilință 1 1 104
umple 1 1 90
umăr 4 1 23 1 36 1 57 1 88
un 60 1 57 1 40 1 41 1 45 1 46 1 48 1 49 1 97 1 55 1 56 1 43 1 61 1 91 1 69 1 72 1 74 1 89 1 88 1 81 1 21 1 110 1 106 1 7 1 8 1 9 1 10 1 105 1 104 1 39 1 24 1 27 1 101 1 31 1 32 1 33 1 34 2 103 2 95 2 98 2 3 2 87 2 82 2 80 2 78 2 0 2 75 2 5 2 11 2 58 2 50 2 44 2 29 2 26 3 114 3 93 3 84 4 15 5 108 5 77 6 62
undeva 1 1 36
undă 21 1 46 1 114 1 87 1 66 1 65 1 61 1 57 1 52 1 51 1 50 1 0 1 45 1 44 1 42 1 37 1 21 1 15 1 12 1 5 2 84 3 19
uneori 3 1 37 1 55 1 73
unghie 1 1 9
uni 1 1 50
uniform 2 1 0 1 5
univers 7 1 14 1 18 1 21 1 22 1 26 1 51 1 90
unu 5 1 8 1 42 1 76 1 110 2 50
urca 3 1 38 1 50 1 112
ureche 5 1 6 1 10 1 28 1 63 2 36
uriaș 3 1 10 1 13 1 65
urla 2 1 76 1 90
urlet 1 1 17
urmă 15 1 8 1 21 1 23 1 40 1 52 1 57 1 63 1 79 1 89 1 97 1 103 1 112 2 29 2 61 3 62
urmări 1 1 49
următor 2 1 94 2 36
urni 1 1 11
urs 4 1 17 1 32 1 76 5 13
urî 8 1 7 1 27 1 28 1 31 1 76 1 92 1 114 2 1
ură 2 1 52 2 60
usca 7 1 13 1 31 1 37 1 43 1 63 1 69 1 70
ustura 1 1 51
ușor 9 1 10 1 23 1 52 1 67 1 72 1 80 1 81 1 88 2 77
ușă 1 1 10
v 2 1 54 1 87
vacarm 1 1 46
vai 1 1 114
val 7 1 95 1 97 1 101 1 106 1 112 2 98 2 103
valmă 1 1 106
vamă 2 1 16 5 57
var 1 1 106
vară 2 1 37 1 66
veac 6 1 11 1 46 1 58 1 59 1 88 2 104
vechi 3 1 57 1 61 1 98
vecie 3 1 42 1 50 1 62
vecin 2 1 43 1 69
veda 5 1 56 1 77 1 78 1 82 1 94
vedea 23 1 5 1 100 1 87 1 84 1 78 1 59 1 48 1 43 1 42 1 39 1 21 1 13 1 10 1 7 1 0 2 36 2 46 2 47 2 12 2 83 2 86 3 49 6 50
vegetal 2 1 66 2 84
veghe 1 1 23
veni 21 1 42 1 111 1 108 1 105 1 104 1 95 1 85 1 68 1 61 1 1 1 26 1 23 1 6 1 4 1 2 2 63 2 15 2 10 3 37 4 36 5 65
venit 1 1 28
venă 1 1 79
verde 7 1 13 1 17 1 45 1 57 1 78 1 92 1 94
verigă 2 1 101 1 108
veșnic 2 1 67 1 68
veșnicie 1 1 73
veșted 2 1 35 1 57
via 1 1 77
viață 15 1 9 1 13 1 18 1 27 1 41 1 44 1 50 1 55 1 58 1 60 1 87 1 90 1 100 2 75 2 76
viciu 1 1 9
victimă 1 1 42
victorie 1 1 85
vid 1 1 90
vierme 5 1 7 1 26 1 63 1 66 6 98
viitor 4 1 3 1 63 1 98 6 100
vinovat 2 1 52 3 44
vis 5 1 6 1 61 1 106 1 109 1 114
visa 12 1 41 1 44 1 52 1 53 1 57 1 65 1 69 1 76 1 81 1 100 1 108 2 55
vizită 1 1 111
vocal 1 1 74
voie 2 1 81 3 26
vorbi 5 1 4 1 37 1 53 2 11 2 46
vorbă 7 1 7 1 15 1 46 1 54 1 69 1 80 1 105
vostru 3 1 25 1 41 1 96
vrajă 1 1 75
vrea 22 1 43 1 84 1 72 1 69 1 94 1 57 1 52 1 50 1 48 1 98 1 38 1 24 1 6 2 15 2 11 2 8 3 33 3 63 4 100 4 67 5 42 8 7
vreme 5 1 50 1 64 1 89 1 104 1 110
vreodată 5 1 38 1 55 1 71 1 84 1 95
vulcan 1 1 20
vulnerabil 1 1 14
vultur 1 1 28
vâjâi 1 1 89
vâna 6 1 36 1 49 1 58 1 60 1 65 1 95
vânt 11 1 1 1 11 1 12 1 17 1 32 1 68 1 78 1 99 1 108 2 86 4 2
vârstă 2 1 71 1 114
vârtej 1 1 46
văr 1 1 65
vărsa 1 1 97
văzduh 8 1 6 1 16 1 63 1 66 1 69 1 74 1 88 1 89
xccele 1 2 64
xfntgen 1 1 10
zadar 3 1 54 1 114 3 104
zadarnic 4 1 49 1 70 2 24 2 44
zahăr 1 1 81
zară 2 1 17 1 50
zbate 4 1 1 1 2 1 36 1 90
zbor 2 1 74 1 93
zbura 2 1 26 3 94
zdreanță 1 1 51
zdrobi 2 1 18 1 65
zeiesc 1 1 87
zeu 4 1 58 1 81 1 93 3 57
zgomot 1 1 18
zgribuli 1 1 73
zi 13 1 14 1 17 1 56 1 57 1 61 1 68 1 98 1 103 2 23 2 70 2 73 3 36 3 106
ziar 2 1 85 1 89
zid 3 1 8 1 20 1 106
zidi 1 4 106
zori 3 1 36 1 47 1 110
zugrăvi 1 1 89
zvarcolite 1 1 82
zvon 2 1 50 1 85
zâmbet 3 1 13 1 26 1 41
zâmbi 2 1 16 1 69
zână 1 1 57
zăcea 1 1 64
zămisli 2 1 63 1 96
zăpadă 7 1 6 1 29 1 65 2 36 2 51 2 52 2 60
îmbarca 1 1 112
îmbrăca 1 1 35
îmbrățișa 5 1 21 1 65 1 97 1 110 2 2
îmbuna 1 1 44
îmbăta 1 1 61
îmbătrâni 2 1 28 1 69
împinge 3 1 3 1 36 1 106
împleti 2 1 28 1 42
împletici 1 1 67
împotriva 2 1 36 1 93
împotrivi 1 1 38
împrejur 1 1 26
împresura 1 1 44
împreuna 2 1 42 1 71
împrăștia 1 1 95
împăca 1 1 68
împăduri 1 1 53
împărți 1 1 14
în 104 1 60 1 74 1 22 1 21 1 24 1 39 1 73 1 85 1 86 1 25 1 90 1 82 1 49 1 102 1 56 1 52 1 108 1 33 1 111 1 112 1 30 2 72 2 35 2 38 2 27 2 70 2 51 2 55 2 54 2 79 2 110 2 6 2 20 2 19 2 84 2 105 2 96 2 29 2 12 3 68 3 0 3 106 3 57 3 58 3 64 3 66 3 94 3 88 3 83 3 114 3 77 3 78 3 1 3 14 3 3 3 4 3 5 3 18 3 8 3 9 4 93 4 13 4 16 4 26 4 81 4 97 4 98 4 41 4 46 4 101 4 69 5 40 5 87 5 109 5 17 5 103 5 43 5 28 5 10 5 75 5 100 5 71 6 95 6 7 6 2 6 23 6 53 6 50 6 48 6 47 6 62 6 63 6 44 6 67 6 34 6 15 7 42 7 104 7 45 7 31 8 76 8 61 9 65 20 36
înainta 6 1 57 1 79 1 82 1 106 1 112 2 61
înainte 5 1 79 1 89 1 90 1 108 4 19
înalt 7 1 1 1 38 1 46 1 53 1 66 1 88 2 110
înapoi 3 1 38 1 50 1 57
înapoia 1 1 16
înaripa 1 1 98
începe 14 1 26 1 43 1 45 1 49 1 51 1 60 1 87 1 90 1 96 1 100 2 19 2 33 2 36 2 86
încerca 8 1 0 1 5 1 9 1 16 1 17 1 45 1 83 1 94
încet 4 1 13 1 75 1 77 1 87
înceta 3 1 42 1 67 2 19
închega 1 1 45
închide 11 1 20 1 40 1 43 1 48 1 52 1 57 1 69 1 100 1 109 2 18 2 36
închina 1 5 44
închipui 3 1 29 1 76 1 86
închisoare 1 1 81
încinge 2 1 52 1 69
încleșta 1 1 94
încoifat 1 1 61
încolăci 1 1 83
încolți 3 1 61 1 86 1 104
încorda 1 1 108
încrede 1 1 46
încremeni 2 1 95 1 96
încrâncena 1 1 60
încununa 1 1 42
încâlci 2 1 15 1 28
încât 5 1 23 1 50 1 66 1 71 1 99
încă 11 1 8 1 14 1 50 1 65 1 68 1 71 1 76 1 82 2 73 2 77 2 100
încăpea 2 1 54 1 88
încăpățâna 2 1 105 1 112
încărca 1 1 99
îndemn 1 1 61
îndepărta 5 1 40 1 51 1 58 1 71 1 91
îndoi 1 1 7
îndoială 1 1 7
îndruma 1 1 88
îndrăgosti 1 2 1
îndrăzneală 1 1 104
îndrăzni 4 1 18 1 26 1 50 2 36
înduioșa 1 1 9
îndura 2 1 60 1 109
îneca 1 1 53
înfige 1 1 86
înflori 1 1 60
înfrigura 1 1 50
înfrânge 2 1 67 2 113
îngenunchea 2 1 25 1 31
înger 4 1 44 1 81 1 92 3 45
îngeresc 1 1 46
îngheța 5 1 29 1 52 1 59 1 60 1 73
îngrijora 1 1 105
îngropa 3 1 6 1 48 1 54
îngrozi 1 1 26
îngrozitor 3 1 7 1 13 1 31
îngâna 1 1 56
înhăma 1 1 20
înjosi 1 1 36
înlocuitor 1 1 85
înlănțui 1 1 101
înlăuntru 1 1 47
înmormânta 1 1 81
înmuguri 1 1 36
înmulți 3 1 74 1 76 1 114
înnebuni 3 1 83 1 99 2 1
înnora 1 1 19
înot 1 1 76
înota 1 1 53
înrăi 1 1 60
însemn 1 1 45
însemna 2 1 45 1 108
însera 2 1 47 2 17
însori 1 1 19
însoți 1 2 57
înspre 2 1 36 1 40
înspăimânta 2 1 23 1 36
înstela 2 1 9 1 63
însumi 1 1 75
însuși 4 1 66 1 79 1 93 1 95
însângera 1 1 50
însă 2 1 63 1 108
însăma 1 1 21
întemeia 1 1 20
întinde 7 1 9 1 10 1 43 1 50 1 51 1 69 1 80
întoarce 13 1 7 1 11 1 16 1 50 1 53 1 57 1 64 1 76 1 79 1 111 2 3 2 15 2 23
întotdeauna 4 1 52 1 71 1 100 2 19
întra 25 1 38 1 69 1 66 1 76 1 49 1 47 1 0 1 45 1 100 1 22 1 101 1 15 1 105 1 6 1 5 1 111 2 46 2 95 2 58 2 44 2 18 2 11 2 2 3 93 3 36
întreba 9 1 0 1 5 1 27 1 29 1 36 1 39 1 58 1 78 2 100
întreg 13 1 14 1 22 1 32 1 41 1 50 1 57 1 61 1 73 1 75 1 81 1 88 1 103 2 82
întregime 1 1 81
întuneca 5 1 9 1 47 1 48 1 55 1 86
întuneric 5 1 10 1 65 1 79 2 36 3 48
înturna 1 1 109
întâi 3 1 31 1 38 1 77
întâlni 3 1 39 1 45 1 56
întâmpina 1 1 85
întâmpla 4 1 34 1 55 1 70 1 112
înveli 5 1 43 1 44 1 73 1 76 1 77
învia 2 1 23 2 38
învinge 5 1 6 1 61 1 65 1 67 2 9
învolbura 1 1 93
învârti 3 1 12 1 48 1 64
învăț 2 1 72 1 92
învăța 10 1 0 1 4 1 5 1 8 1 26 1 48 1 53 1 98 2 32 2 41
înălța 3 1 36 1 93 2 104
înșela 1 1 16
înțelege 22 1 51 1 108 1 86 1 82 1 81 1 75 1 67 1 63 1 58 1 50 1 39 1 36 1 33 1 31 1 29 1 28 1 14 1 10 2 7 2 76 2 23 2 102
înțelept 6 1 4 1 12 1 14 1 63 1 113 3 62
îî 3 1 90 2 94 6 36
ăst 4 1 17 1 36 1 49 1 77
ăsta 1 1 63
șa 1 1 108
șale 1 1 38
șarpe 2 1 26 1 57
școală 1 1 8
șină 76 1 83 1 59 1 60 1 64 1 65 1 67 1 69 1 70 1 72 1 77 1 78 1 2 1 84 1 86 1 94 1 99 1 101 1 102 1 109 1 111 1 114 1 1 1 23 1 26 1 22 1 21 1 29 1 18 1 17 1 13 1 12 1 11 1 3 2 90 2 88 2 87 2 92 2 15 2 96 2 8 2 105 2 38 2 66 2 43 2 46 2 50 2 34 2 28 3 76 3 36 3 40 3 7 3 106 3 10 3 100 3 71 3 91 3 54 3 58 3 56 3 51 4 47 4 55 4 45 4 57 4 103 4 24 4 79 4 20 4 112 5 104 5 61 5 74 6 97 7 44 8 95
șir 2 1 46 1 57
șoaptă 1 1 44
șoarec 1 1 10
șopti 2 1 33 1 57
șopârlă 1 1 57
șterge 4 1 3 1 38 1 55 1 63
ști 33 1 28 1 69 1 75 1 60 1 55 1 54 1 53 1 52 1 81 1 42 1 36 1 33 1 32 1 23 1 89 1 15 1 10 1 7 1 6 1 5 1 4 1 2 1 0 2 103 2 88 2 91 2 65 2 49 2 25 2 19 4 11 4 1 6 77
șui 1 1 69
țar 5 1 52 1 68 1 89 1 103 2 65
țese 3 1 28 1 68 1 78
ți 92 1 22 1 92 1 39 1 91 1 94 1 34 1 96 1 98 1 90 1 89 1 27 1 86 1 102 1 80 1 49 1 20 1 79 1 17 1 4 1 14 1 107 1 11 1 70 1 109 1 73 2 0 2 72 2 54 2 43 2 51 2 47 2 60 2 93 2 32 2 29 2 99 2 69 2 24 2 104 2 105 2 19 2 15 2 64 2 5 2 112 3 68 3 56 3 67 3 71 3 77 3 100 3 108 3 110 3 114 3 65 3 25 3 26 3 28 3 21 3 40 3 7 3 52 3 62 3 55 4 53 4 61 4 23 4 57 4 33 4 95 4 37 4 10 4 45 4 88 4 87 4 46 4 9 4 48 5 13 5 106 5 76 6 1 6 103 6 97 6 42 6 44 6 81 6 63 9 50 9 3 10 31 18 36
țigancă 1 1 85
ține 3 1 53 1 88 1 105
țipa 3 1 10 1 70 1 80
țipăt 1 1 97
țop 3 1 31 1 69 2 55
țurțure 1 1 62
țărm 3 1 36 1 42 1 112
țărână 3 1 38 1 43 1 81
țărănesc 1 1 96
