55 52 245 312 338 179 293 291 109 346 136 87 87 92 112 82 256 382 177 129 235 318 195 269 281 106 215 83 351 126 340 152 128 125 134 151 103 188 44 153 65 218 101 195 96 162 86 379 243 214 109 100 119 87 86 83
abate 5 1 27 1 29 1 43 1 50 1 51
abia 6 1 23 1 28 1 39 1 43 1 44 1 48
ac 1 1 32
acasă 5 1 7 1 9 1 24 1 35 1 49
acela 2 1 30 1 42
același 5 1 27 1 33 1 41 1 47 2 42
acest 5 1 9 1 17 1 19 1 20 1 29
acolo 8 1 5 1 17 1 18 1 24 1 34 1 40 1 41 1 47
acoperi 1 1 21
acum 8 1 5 1 7 1 20 1 29 1 31 1 32 2 34 2 47
acuma 3 1 9 1 24 1 44
ades 1 1 22
adesea 1 1 3
adora 1 1 47
adormi 8 1 6 1 11 1 13 1 18 1 29 1 34 1 43 1 44
adormitor 1 1 16
aduce 10 1 5 1 8 1 16 1 27 1 35 1 38 1 47 2 40 2 46 2 51
aducător 1 1 43
aduna 5 1 3 1 17 1 28 1 29 1 36
adânc 11 1 2 1 16 1 21 1 23 1 27 1 31 1 42 1 46 1 53 2 15 2 37
adâncime 3 1 16 1 46 1 47
adăpa 1 1 1
adăpost 2 1 10 1 15
adăsta 1 1 25
afund 3 1 3 1 34 1 39
ai 15 1 6 1 31 1 41 1 46 2 7 2 15 2 34 2 37 2 38 2 50 3 2 3 27 3 35 4 29 4 33
aicea 1 1 44
aici 4 1 8 1 17 1 28 1 34
aievea 4 1 6 1 9 1 25 1 38
ajunge 4 1 17 1 23 1 32 1 39
al 43 1 0 1 45 1 43 1 24 1 35 1 14 1 38 1 17 2 30 2 27 2 26 2 25 2 34 2 15 2 13 2 11 2 47 2 52 3 40 3 39 3 32 3 42 3 48 3 54 3 4 3 6 3 21 3 19 4 1 4 20 5 16 5 49 6 5 7 22 7 3 7 50 9 46 9 29 10 44 11 8 12 36 12 2 19 23
alai 2 1 46 1 48
alb 6 1 3 1 5 1 22 1 31 1 47 1 52
albastru 11 1 1 1 2 1 3 1 4 1 8 1 9 1 10 1 18 1 22 1 31 1 49
alean 1 1 25
alee 1 1 52
alega 1 1 33
alerga 2 1 2 1 26
alina 1 1 2
alint 2 1 18 1 38
alt 12 1 1 1 3 1 4 1 12 1 17 1 28 1 38 1 44 1 48 1 51 2 6 3 5
altar 5 1 2 1 14 1 16 1 26 1 52
altiță 1 1 6
altul 1 1 36
alun 1 1 25
alunga 1 1 1
aluniș 1 1 8
alătura 7 1 21 1 22 1 27 1 29 1 43 1 44 2 19
alăturea 1 1 23
amant 1 1 30
amar 10 1 3 1 9 1 15 1 16 1 19 1 27 1 29 1 32 1 36 2 1
amarnic 1 1 22
amesteca 1 1 54
amiază 1 1 23
aminte 8 1 8 1 16 1 27 1 35 1 40 1 46 1 47 1 51
aminti 1 1 5
amurg 12 1 3 1 8 1 12 1 16 1 19 1 22 1 29 1 46 1 51 2 6 2 25 2 38
amuța 1 1 47
amândoi 2 1 2 1 44
amărăciune 1 1 21
an 5 1 0 1 17 1 40 1 49 2 41
anina 1 1 34
anume 1 1 23
apleca 1 1 25
apoi 3 1 38 1 52 2 23
aprinde 11 1 0 1 1 1 4 1 9 1 10 1 26 1 30 1 42 2 16 3 22 3 46
aproape 2 1 38 1 51
apuca 1 1 12
apune 6 1 12 1 19 1 29 1 30 1 33 1 52
apă 10 1 11 1 16 1 22 1 33 1 48 1 53 2 10 2 31 3 3 3 32
apăsa 4 1 9 1 16 1 21 1 42
ar 5 1 23 1 27 1 37 2 7 2 15
ara 6 1 2 1 5 1 6 1 17 1 25 1 43
aramă 2 1 1 2 3
arc 1 1 29
arcadă 1 2 29
arde 9 1 3 1 15 1 19 1 20 1 21 1 22 1 30 1 38 2 0
ardeal 2 1 10 1 40
aretino 1 1 30
argeș 1 1 44
argint 4 1 9 1 11 1 13 1 41
arginta 2 1 2 1 25
aripat 1 1 46
aripă 8 1 5 1 11 1 14 1 29 1 32 1 34 2 15 2 18
armonie 1 1 46
arunca 2 1 16 1 27
arzător 1 1 46
arăta 4 1 16 1 25 1 47 1 51
as 8 1 7 1 9 1 16 1 17 1 21 1 28 1 37 1 38
asculta 13 1 2 1 4 1 9 1 13 1 15 1 23 1 28 1 36 1 42 1 47 2 5 2 16 2 34
ascunde 3 1 6 1 41 1 50
asemăna 1 1 46
aspru 4 1 14 1 15 1 22 1 30
astartei 1 1 29
astăzi 4 1 3 1 5 1 20 1 29
asupra 1 1 8
at 4 1 29 1 48 2 7 2 21
atinge 4 1 5 1 13 1 29 1 32
atunce 1 1 17
atuncea 1 1 8
atunci 13 1 6 1 7 1 17 1 22 1 23 1 36 1 37 1 38 1 50 2 33 2 46 2 49 3 8
atât 22 1 2 1 47 1 46 1 36 1 26 1 24 1 22 1 13 1 7 1 6 1 3 1 1 2 8 2 14 2 15 2 19 2 21 2 27 2 4 3 23 3 5 3 33
au 10 1 6 1 21 1 27 1 28 1 30 1 44 1 46 1 47 3 20 5 36
aur 5 1 2 1 5 1 11 1 27 2 3
auzi 11 1 6 1 9 1 10 1 20 1 29 1 43 1 47 1 48 2 27 3 13 3 45
avea 22 1 28 1 51 1 39 1 35 1 30 1 0 1 24 1 16 1 3 1 2 2 23 2 7 2 33 2 4 2 38 2 47 3 17 3 40 4 20 5 45 7 8 8 48
avânt 1 1 36
azi 18 1 31 1 53 1 48 1 46 1 44 1 43 1 40 1 35 1 28 1 20 2 29 2 27 2 42 2 17 2 8 3 5 3 7 4 16
așa 10 1 3 1 6 1 7 1 27 1 29 1 31 1 36 1 46 1 47 1 50
așeza 6 1 2 1 13 1 17 1 20 1 25 1 29
aștepta 3 1 3 1 17 1 41
așterne 5 1 10 1 12 1 14 1 29 2 32
b 1 1 30
bacantă 1 1 30
baladă 1 1 52
baltă 1 1 19
barbă 4 1 6 1 7 1 54 2 25
basarab 1 1 44
basm 2 1 5 2 36
bată 1 1 24
beznă 4 1 14 1 15 1 16 1 43
biet 16 1 2 1 4 1 7 1 9 1 16 1 19 1 22 1 24 1 27 1 28 1 29 1 35 1 40 1 42 1 50 2 25
bine 3 1 8 1 47 2 2
binețe 1 1 23
birui 2 1 29 1 31
biruinti 1 1 40
biruintii 1 1 48
biruință 2 1 29 1 46
biruitor 2 1 3 1 48
biserică 1 1 16
blajin 2 1 5 1 6
blestem 4 1 38 1 40 1 48 1 51
blestema 1 1 16
blând 10 1 2 1 8 1 9 1 13 1 19 1 23 1 34 1 50 1 52 2 5
blăstăma 1 1 19
boaltă 4 1 2 1 9 1 15 1 22
bobiță 1 1 10
bogat 1 1 16
bogăție 1 1 37
boi 1 1 23
bolnav 6 1 6 1 10 1 11 1 19 1 35 1 41
boltiță 1 1 29
boltă 6 1 1 1 4 1 11 1 16 1 29 1 46
bolț 1 2 16
bordeiaș 1 1 2
boulean 1 1 19
brad 4 1 4 1 22 2 34 3 25
brazdă 1 1 11
braț 5 1 1 1 2 1 16 1 22 1 29
brumii 1 1 27
brădet 3 1 27 1 34 1 36
bucoavnă 1 2 5
bucălai 1 1 13
bucătură 1 1 21
buiestru 1 1 3
bulgăr 3 1 9 1 15 1 27
bulgăre 1 1 29
bun 5 1 3 1 8 1 35 2 5 3 2
buruian 1 1 28
busuioc 1 1 8
buză 7 1 3 1 6 1 15 1 22 1 23 1 46 1 48
bântui 1 1 28
bât 11 1 3 1 10 1 11 1 14 1 16 1 18 1 19 1 28 1 32 1 33 2 8
bălai 3 1 2 1 6 1 27
bărbat 1 1 36
bătaie 1 1 29
bătrân 11 1 3 1 5 1 7 1 20 1 21 1 45 1 49 2 4 2 25 2 44 3 8
bătrânețe 1 1 7
bătătură 1 1 54
băut 2 1 47 1 48
băutură 1 1 35
ca 27 1 33 1 53 1 52 1 51 1 50 1 49 1 47 1 43 1 42 1 40 1 39 1 38 1 36 1 2 1 31 1 28 1 23 1 20 1 19 1 5 1 3 2 27 2 48 2 16 3 18 3 11 4 6
cadelniti 1 1 6
cadă 2 1 9 1 52
caier 1 1 46
calc 1 1 28
cald 1 1 15
calvar 2 1 30 1 49
cală 13 1 1 1 6 1 19 1 21 1 25 1 28 1 31 1 35 1 38 1 42 1 46 1 50 2 15
candelă 1 1 16
cap 2 1 9 1 23
car 16 1 3 1 19 1 20 1 39 1 42 1 44 1 46 1 47 1 50 2 1 2 5 2 21 2 23 2 33 2 34 4 40
cardinal 1 1 30
cartă 7 1 6 1 16 1 17 1 24 1 27 1 31 4 20
casă 9 1 4 1 5 1 8 1 12 1 13 1 17 1 42 1 47 2 20
cat 1 1 8
catedrală 1 1 52
cavou 1 1 44
ce 30 1 4 1 52 1 6 1 36 1 33 1 9 1 41 1 27 1 26 2 48 2 38 2 45 2 47 2 54 2 50 2 51 2 53 2 37 2 8 2 7 2 5 3 40 3 25 3 16 3 3 3 2 4 46 5 29 6 15 10 42
cea 5 1 17 1 22 1 27 1 49 3 2
ceahlău 1 2 49
ceară 5 1 15 1 20 1 40 1 42 1 46
ceas 1 1 45
ceaslov 3 1 6 1 7 1 13
cel 10 1 1 1 2 1 3 1 16 1 17 1 24 1 52 2 8 2 46 3 40
cellini 1 1 30
centaur 1 1 29
cenușă 4 1 14 1 21 1 29 1 43
cer 15 1 4 1 5 1 8 1 11 1 19 1 29 1 30 1 31 1 32 1 40 1 46 2 10 2 47 3 2 3 22
cerceta 1 1 35
cere 4 1 29 1 32 1 37 2 46
cerne 5 1 10 1 11 1 16 1 25 1 29
cerși 1 1 46
cetate 2 1 5 1 47
ceteț 1 1 6
cetățuie 1 1 3
chema 9 1 30 1 31 1 33 1 42 1 45 1 47 1 48 1 51 2 18
chiar 1 1 27
chibzui 1 1 36
chilie 1 1 26
chimval 1 1 53
chinui 2 1 46 3 19
chiot 4 1 30 1 47 1 48 1 49
chioti 1 1 3
chip 5 1 10 1 16 1 26 1 36 1 41
chișinău 1 1 49
ci 2 1 1 1 2
cicoare 1 1 8
cingătoare 3 1 3 1 9 1 16
cinste 2 1 5 1 30
cinsti 4 1 7 1 8 1 21 1 35
cină 7 1 17 1 18 1 27 1 34 1 40 1 50 2 35
cioaie 1 1 10
cioban 2 1 11 1 34
cioclu 1 1 51
ciripi 2 1 6 3 18
citi 1 1 31
cittadinii 1 1 30
ciudat 1 1 47
ciurui 1 1 51
clip 1 1 48
clipi 2 1 2 1 25
clipă 16 1 3 1 5 1 9 1 12 1 14 1 15 1 16 1 29 1 32 1 36 1 44 1 50 2 31 2 38 2 39 2 41
clocot 2 1 29 1 30
clopot 1 1 20
clopotniță 1 1 10
coapsă 1 1 2
coardă 1 1 21
coasă 4 1 7 1 13 1 24 4 19
coborâtor 1 1 17
coborî 13 1 1 1 2 1 5 1 6 1 14 1 15 1 18 1 25 1 34 1 40 1 46 1 50 1 53
codru 9 1 11 1 27 1 36 1 45 2 2 2 3 2 8 2 22 3 4
coif 2 1 2 1 3
colindă 3 1 13 1 27 1 54
colo 1 1 25
colț 5 1 8 1 19 1 20 1 25 1 26
comoară 3 1 3 1 16 1 48
copac 2 1 9 1 52
copia 2 1 41 2 2
copil 3 1 4 1 17 2 6
copilaș 1 1 13
copilărie 1 1 5
cordilor 1 1 34
coroană 1 1 30
cosaș 1 1 19
cosânzeană 2 1 2 1 3
cot 2 1 11 1 20
cotitură 2 1 47 1 51
crai 4 1 2 1 17 3 8 4 25
creangă 2 1 6 1 34
creastă 2 1 31 2 25
crede 1 1 17
crezământ 1 1 36
crește 5 1 6 1 18 1 28 1 29 1 36
creștet 1 3 22
creștin 1 1 2
creștinesc 1 1 44
creț 2 1 54 2 8
crimă 1 1 30
crin 1 1 46
criptă 3 1 29 1 40 1 51
cris 1 1 4
cronic 1 1 44
cronicar 1 1 49
cruce 5 1 16 1 20 1 32 1 52 2 23
crâng 2 1 25 1 28
crâșmar 1 1 35
crăiasă 2 1 29 1 31
cu 43 1 53 1 26 1 27 1 32 1 36 1 14 1 13 1 40 1 10 1 8 1 42 1 43 1 49 2 44 2 45 2 31 2 28 2 54 2 25 2 21 2 4 2 6 2 17 2 16 3 51 3 30 3 34 3 38 3 12 4 1 4 2 4 7 5 29 5 47 5 22 6 19 6 46 6 48 7 3 8 20 9 15 9 5 10 23
cucernic 1 1 23
cucernicie 1 1 5
cucuvaie 1 1 15
cufunda 2 1 32 1 39
cuib 3 1 5 1 15 5 18
culca 2 1 9 1 11
culege 3 1 6 1 16 1 34
culm 4 1 34 1 48 2 22 2 47
cum 25 1 3 1 53 1 50 1 47 1 35 1 34 1 33 1 28 1 24 1 23 1 10 1 7 1 6 1 5 2 21 2 26 2 8 2 40 2 43 2 45 3 31 3 9 4 19 5 29 5 1
cuminte 3 1 5 1 17 2 6
cumătru 1 1 13
cunoaște 3 1 2 1 38 1 44
cunună 5 1 2 1 6 1 17 1 18 1 22
cuprinde 1 1 47
cupă 1 1 47
curcubeu 2 1 3 1 52
curge 1 1 51
curma 1 1 13
curte 2 1 7 1 38
cură 6 1 2 1 5 1 15 1 26 1 46 1 47
curăța 2 1 5 1 16
cutremur 4 1 25 1 29 1 49 2 16
cutremura 3 1 15 1 42 1 46
cuvios 3 1 13 1 44 1 54
cuvânt 2 1 23 1 36
cuvânta 2 1 2 1 23
câine 1 1 45
câmp 7 1 4 1 11 1 20 1 29 1 45 2 16 3 15
câmpie 3 1 2 1 3 1 5
când 30 1 52 1 50 1 49 1 7 1 47 1 14 1 39 1 38 1 21 1 30 2 27 2 51 2 48 2 43 2 34 2 32 2 28 2 0 2 22 2 20 2 15 2 8 2 6 2 5 2 4 2 3 2 2 5 16 6 46 8 23
cânt 3 1 2 1 6 1 40
cânta 12 1 1 1 9 1 17 1 36 1 41 1 42 1 47 1 48 1 53 2 29 2 34 3 22
cântec 15 1 1 1 9 1 16 1 21 1 22 1 36 1 47 1 50 1 52 1 54 2 3 2 4 2 18 2 27 4 46
cântăreț 3 1 11 1 36 1 46
cântări 1 1 5
cârn 1 1 48
cât 14 1 3 1 7 1 15 1 18 1 21 1 26 1 29 1 34 1 35 1 47 1 52 2 17 2 36 3 46
câteodată 1 3 54
câș 6 1 2 1 7 1 9 1 25 1 54 3 8
că 16 1 4 1 5 1 16 1 24 1 29 1 30 1 35 1 39 1 45 1 47 2 0 2 44 4 8 4 17 4 23 5 36
căci 12 1 2 1 3 1 4 1 5 1 15 1 16 1 30 1 37 1 40 1 47 2 6 3 21
cădea 7 1 1 1 12 1 16 1 27 1 31 1 34 2 29
căi 1 1 7
călare 1 1 12
călimară 1 1 20
călător 12 1 3 1 18 1 19 1 27 1 31 1 34 1 35 1 40 1 42 1 44 1 46 1 51
cămașă 1 1 12
cămășuță 1 1 13
căprar 1 1 20
căpăstru 1 1 3
căpătâi 1 1 6
căra 6 1 1 1 5 1 22 1 27 1 28 1 48
cărbune 1 1 0
cărunt 6 1 3 1 5 1 6 1 9 1 22 1 25
cărăruie 1 1 25
căsuță 1 1 13
către 1 1 25
cătănie 1 1 20
căuta 2 1 1 1 44
căutătură 1 1 19
cățel 1 1 13
da 14 1 15 1 23 1 25 1 30 1 41 1 42 1 48 1 51 2 2 2 22 2 37 2 50 3 35 5 1
dac 3 1 2 1 8 1 50
dar 18 1 3 1 39 1 38 1 9 1 13 1 15 1 16 1 20 1 2 1 27 1 28 1 30 1 36 1 37 2 23 2 8 2 5 3 46
darnic 1 1 46
dascăl 1 2 8
dată 2 1 0 1 20
de 54 1 45 1 52 2 39 2 54 2 24 2 37 2 12 3 0 3 31 3 14 3 53 4 11 4 9 4 32 4 43 4 18 4 26 5 7 5 17 5 44 5 38 5 23 6 35 6 41 6 49 6 51 6 13 6 10 7 48 7 34 7 36 7 6 8 21 8 28 8 30 9 42 9 33 9 4 9 2 10 25 11 47 11 1 11 29 11 22 11 5 12 20 12 19 12 3 13 46 13 15 16 40 18 16 19 8 20 27
deal 7 1 5 1 10 1 12 1 17 1 23 1 40 2 19
deasupra 3 1 18 1 29 1 32
deci 1 1 15
decât 1 1 23
deget 1 1 20
degrabă 1 1 44
demult 6 1 3 1 4 1 5 1 28 1 34 2 8
deodată 3 1 23 1 44 1 49
deopotrivă 1 1 3
departe 13 1 9 1 12 1 14 1 17 1 18 1 22 1 24 1 25 1 29 1 31 1 43 2 19 2 45
depărta 2 1 48 1 49
deschide 2 1 16 1 28
desfăca 6 1 1 1 2 1 16 1 29 1 33 1 46
desiș 1 1 4
desluși 2 1 21 1 23
despica 2 1 48 1 49
despoia 1 1 50
despre 1 1 23
desprinde 3 1 29 1 40 1 44
despărți 2 1 18 1 39
destrăma 2 1 33 2 18
devreme 2 1 2 1 6
dezgropa 2 1 16 1 51
dezlega 2 1 1 1 42
deșert 2 1 6 2 16
deșerta 1 1 17
deșertăciune 1 1 4
deștept 1 1 22
dimineață 9 1 2 1 5 1 8 1 17 1 20 1 40 1 42 1 46 2 3
din 51 1 0 1 25 1 33 1 36 1 39 1 14 1 13 1 12 1 11 1 9 1 43 1 49 1 50 1 54 2 41 2 52 2 53 2 32 2 31 2 1 2 24 2 23 2 3 2 20 2 10 2 18 3 17 3 46 3 38 3 37 3 34 3 19 3 30 3 28 3 4 4 51 4 15 4 47 4 44 5 21 5 5 5 42 5 16 5 29 5 27 6 2 7 8 7 40 7 6 7 22 8 48
dincolo 1 1 29
dinte 1 1 48
dintre 1 1 40
dintru 7 1 5 1 16 1 31 1 32 1 34 1 40 1 52
divan 1 1 44
doamnă 3 1 1 1 2 1 31
doar 7 1 2 1 4 1 11 1 16 1 21 1 44 1 49
doară 2 1 27 1 53
dobitoc 1 1 19
doi 11 1 10 1 11 1 16 1 17 1 20 1 22 1 25 1 50 1 52 2 13 2 27
doină 5 1 2 1 4 1 21 1 34 1 43
domn 4 1 2 1 3 1 20 1 22
domnesc 1 1 44
domnie 2 1 30 1 44
domnitor 1 1 44
domnișoară 1 2 6
domol 9 1 3 1 4 1 5 1 6 1 9 1 10 1 12 1 23 1 25
don 1 1 30
dor 11 1 3 1 8 1 21 1 25 1 27 1 33 1 38 1 44 2 1 2 36 2 46
dormi 8 1 2 1 3 1 13 1 22 1 25 1 43 2 27 4 11
dornic 3 1 30 1 42 1 44
dorobanț 1 1 41
dospi 2 1 21 1 48
dovadă 1 1 16
drag 2 1 22 1 27
dragoste 8 1 5 1 16 1 27 1 29 1 30 1 40 1 46 1 47
drept 7 1 3 1 6 1 20 1 27 1 40 1 42 1 51
dreptate 1 1 20
drum 16 1 1 1 12 1 18 1 21 1 29 1 32 1 36 1 42 1 47 1 48 2 15 2 20 2 27 2 28 3 23 3 35
drumeț 8 1 3 1 28 1 29 1 35 1 36 1 42 1 46 2 23
duce 14 1 6 1 12 1 16 1 30 1 34 1 38 1 40 2 3 2 4 2 7 2 23 2 24 2 33 4 8
ducă 1 1 3
duh 3 1 5 1 21 2 29
duios 3 1 8 1 23 1 36
dulce 3 1 6 1 11 1 46
dumbravă 4 1 6 1 19 1 22 1 27
dumeri 1 1 13
duminică 2 1 23 1 52
dumneata 1 1 7
dumnezeie 1 1 29
dumnezeu 3 1 17 1 46 1 47
dunăre 1 1 3
după 2 1 34 1 46
durea 11 1 3 1 28 1 34 1 40 1 48 2 1 2 16 2 21 2 25 2 36 2 42
dușman 2 1 20 1 49
dârz 1 1 12
dăinui 1 1 46
dărăpăna 1 1 28
dăscăliță 1 1 6
dătător 2 1 15 1 21
ecumenic 1 1 30
ei 20 1 19 1 52 1 47 1 43 1 42 1 36 1 32 1 29 1 26 1 0 1 14 1 10 1 9 1 8 1 6 1 2 3 16 3 22 3 15 3 5
el 52 1 0 1 54 1 28 1 7 1 37 1 14 2 10 2 18 2 30 2 31 2 35 2 4 3 11 3 38 3 49 3 39 3 43 4 33 4 3 5 40 5 32 5 21 5 52 5 50 6 24 6 42 6 19 6 51 6 41 6 12 6 34 7 22 7 5 7 9 7 13 7 29 8 23 9 48 9 47 9 1 9 25 9 20 9 17 11 2 12 44 12 8 13 6 14 27 14 46 14 16 15 15 20 36
erou 1 1 52
eră 6 1 17 1 19 2 23 2 46 3 8 3 30
etern 7 1 29 1 31 1 32 1 42 1 45 1 53 2 16
eternitate 2 1 29 1 47
eu 48 1 49 1 2 1 45 1 0 1 12 2 46 2 6 2 7 2 26 2 25 2 52 3 24 3 43 3 37 3 19 3 53 4 39 4 36 4 34 4 32 5 17 5 54 5 33 5 29 5 18 5 15 6 30 6 9 6 51 7 14 7 22 7 21 8 40 9 8 9 3 9 5 10 20 10 28 11 42 11 4 12 31 13 27 13 48 13 23 15 38 15 1 17 47 17 16
extaz 1 1 46
face 7 1 20 1 23 1 29 1 33 1 38 1 47 1 54
faclă 1 1 16
fag 2 1 10 1 25
fariseu 1 1 38
farmec 3 1 1 1 16 1 30
farmitura 1 1 16
farmituri 1 1 3
fată 5 1 3 1 11 1 13 1 20 2 6
fecioară 3 1 3 1 6 1 46
fecior 5 1 3 1 4 1 6 1 7 1 8
femeie 1 1 36
fereastră 6 1 13 1 20 1 24 1 27 1 29 1 48
fereastă 1 1 32
fereca 3 1 16 1 21 1 29
feric 1 1 48
fi 51 1 26 1 54 1 52 1 45 1 38 1 37 1 31 1 0 1 21 1 11 1 5 2 19 2 28 2 32 2 35 2 22 2 39 2 42 2 43 2 51 2 14 2 10 2 12 2 9 3 1 3 50 3 34 3 13 3 24 3 15 4 30 4 7 4 2 4 17 4 44 4 3 5 6 5 36 5 48 5 47 6 20 6 16 6 49 6 46 6 25 6 29 8 8 8 4 9 27 9 40 9 23
fiară 3 1 40 1 45 1 51
fiecare 4 1 35 1 40 1 44 2 16
fierbe 3 1 3 1 19 1 21
fierbinte 1 1 23
fiere 1 1 2
fior 9 1 16 1 33 1 38 1 40 1 42 1 47 1 48 1 50 2 22
fir 2 1 8 1 9
firicel 2 1 25 2 8
flacără 2 1 42 1 53
floare 19 1 27 1 54 1 52 1 50 1 38 1 34 1 30 1 29 1 2 1 25 1 24 1 17 1 16 1 11 1 4 2 28 2 15 2 8 4 46
floarii 1 1 20
fluier 2 1 3 1 34
flutur 3 1 27 2 4 2 15
flutura 2 1 46 1 47
flămând 3 1 45 1 47 1 48
foaie 1 1 8
foarte 1 1 20
foc 3 1 5 1 19 1 40
frate 5 1 2 1 22 1 40 1 45 2 3
freamăt 1 1 8
fremăta 2 1 27 1 44
frică 1 1 6
frig 4 1 29 1 30 1 41 1 48
frumos 7 1 14 1 17 1 22 1 36 1 46 2 6 2 26
frunte 9 1 2 1 11 1 13 1 14 1 19 1 46 2 6 2 9 3 5
frunză 8 1 9 1 12 1 14 1 27 1 36 2 6 2 8 3 2
frânge 13 1 1 1 2 1 3 1 14 1 19 1 21 1 22 1 31 1 36 1 47 1 50 1 52 3 29
frâu 1 1 12
frăgar 1 1 6
frământa 2 1 33 2 41
frăține 1 1 3
fuior 1 1 4
fulg 1 1 38
fulger 5 1 1 1 16 1 38 1 39 1 46
fulgera 1 1 42
fum 2 1 5 1 6
fund 1 1 32
funerar 1 1 43
furiș 1 1 51
furtună 3 1 1 1 28 1 46
fus 1 1 4
fâlfâi 1 1 39
fântână 1 1 5
fâsă 1 2 18
fâță 10 1 1 1 3 1 5 1 13 1 16 1 31 1 44 2 8 2 19 2 25
fă 2 1 15 1 47
făclie 1 1 38
făgădău 1 2 35
făgăraș 1 1 44
făptură 1 1 15
fărâmiță 1 1 49
fără 16 1 1 1 16 1 18 1 20 1 29 1 31 1 32 1 36 1 43 1 46 1 47 1 50 2 40 2 45 2 53 5 42
galben 2 1 25 2 27
geam 5 1 6 1 8 1 13 1 51 2 33
geamăt 1 2 29
geană 6 1 2 1 12 1 20 1 25 1 27 1 28
gem 2 1 15 2 1
gemă 4 1 3 1 4 1 19 1 46
gemăt 2 1 21 1 32
genunche 1 1 1
gheată 3 1 29 1 44 2 5
gheunoaie 1 1 10
ghitară 1 1 27
giulgi 3 1 16 1 29 1 40
glas 17 1 19 1 47 1 46 1 40 1 36 1 30 1 28 1 26 1 23 1 1 1 15 1 13 1 10 1 8 1 5 1 2 2 16
glie 4 1 2 1 3 1 21 1 46
glorie 1 1 29
glugă 2 1 3 1 11
glumeț 1 1 8
glumă 3 1 25 1 35 1 54
goană 4 1 36 1 42 1 47 1 53
gol 4 1 0 1 23 1 35 1 41
golaș 1 1 18
goni 1 1 45
grabă 1 1 26
grai 4 1 6 1 23 1 48 2 44
graniță 1 1 49
graur 1 1 11
grea 2 1 16 1 54
greu 14 1 3 1 4 1 5 1 9 1 15 1 20 1 21 1 22 1 25 1 30 1 42 1 44 1 45 1 53
grije 1 1 20
grijă 1 1 6
grindă 1 1 5
groapă 5 1 16 1 27 1 29 1 32 1 46
groaznic 1 1 30
groază 3 1 19 1 21 1 32
grozav 1 1 32
grui 1 1 23
grumaz 2 1 3 1 39
grăbi 3 1 3 1 10 1 23
grădinar 1 1 28
grădină 3 1 24 1 28 1 50
grăitor 1 1 2
gură 5 1 33 1 40 1 45 1 48 1 51
gând 14 1 3 1 6 1 9 1 15 1 19 1 20 1 23 1 24 1 31 1 33 1 40 1 42 1 47 2 8
gândi 4 1 0 1 26 2 24 2 33
gânditor 2 1 3 1 15
gârbov 1 1 1
gât 1 1 30
gâtui 1 1 51
găsi 1 1 48
găti 1 1 24
haiduc 1 1 3
hain 3 1 16 1 23 1 51
halicarnasul 1 1 29
haos 2 1 29 1 42
himeră 1 1 29
hirotoni 1 1 8
hodini 1 1 5
hodină 2 1 35 1 53
holdă 2 1 3 1 21
horă 4 1 2 1 4 1 47 1 48
hotar 3 1 31 1 49 1 53
hotel 1 1 43
hoți 1 1 27
hristos 1 1 26
huzur 1 1 25
hârb 1 1 27
hârță 1 1 30
hâtru 1 1 8
hărăzi 1 1 16
hăuli 1 2 45
iad 1 1 30
iar 12 1 0 1 3 1 4 1 16 1 17 1 20 1 23 1 28 1 39 1 48 2 6 2 29
iarbă 4 1 10 1 19 1 29 2 25
iară 1 1 28
iasomie 1 1 54
icoană 4 1 5 1 13 1 23 1 47
ieri 1 1 40
ierta 3 1 16 1 17 1 31
iie 1 1 27
ilie 2 1 20 2 8
ilot 1 1 48
imens 1 1 52
imn 1 1 29
impartesti 1 1 37
imprejururi 1 1 46
inimă 8 1 2 1 5 1 16 1 34 1 35 1 46 1 48 2 1
ins 1 1 20
ionut 1 1 20
iosif 1 1 8
irugă 1 1 11
iscusi 1 1 3
isop 1 2 8
ispită 4 1 1 1 6 1 16 1 54
ispravă 1 1 7
istovi 2 1 1 1 45
istrate 1 2 20
isus 1 1 23
iubi 4 1 1 1 22 1 27 1 46
iv 1 1 27
ivi 2 1 20 1 23
izmă 2 1 54 2 8
izvor 5 1 1 1 2 1 11 1 41 1 48
iț 5 1 3 1 6 1 27 1 42 1 45
jale 18 1 20 1 46 1 36 1 29 1 26 1 25 1 22 1 1 1 16 1 10 1 9 1 6 1 3 2 19 2 21 2 23 2 2 5 4
jalnic 3 1 6 1 27 2 29
jeli 1 1 27
jertfi 1 1 16
jgheab 1 1 12
jitar 1 1 20
joacă 1 1 48
joc 1 1 3
jos 4 1 12 1 27 1 52 2 47
jude 1 4 20
jug 1 1 19
jur 1 1 47
jura 1 1 3
jurământ 1 1 51
jăratic 1 1 0
la 48 1 15 1 31 1 26 1 34 1 36 1 38 1 21 1 39 1 45 1 18 1 46 1 47 1 14 1 13 1 12 1 11 1 10 1 49 1 50 1 51 1 5 1 53 1 54 1 0 2 2 2 48 2 33 2 32 2 29 2 24 2 17 2 22 2 19 2 30 3 9 3 25 3 16 3 40 4 44 5 7 5 6 5 3 6 35 6 4 7 20 8 23 8 8 11 27
lac 2 1 52 4 33
lacom 1 1 22
lacrimă 16 1 1 1 5 1 12 1 23 1 28 1 37 1 40 1 42 1 47 1 51 2 2 2 3 2 6 2 9 2 36 4 4
lacrămă 1 1 21
lacăt 1 1 27
lanț 4 1 3 1 15 1 16 1 41
larg 9 1 15 1 16 1 18 1 23 1 34 1 36 1 39 1 47 1 48
lavă 1 1 42
laș 1 1 3
leac 1 1 1
leagăn 2 1 6 1 22
lega 13 1 1 1 3 1 5 1 17 1 19 1 20 1 23 1 32 1 33 1 36 1 40 1 42 2 27
legăna 3 1 13 1 34 1 46
leneș 1 1 25
leonardo 1 1 30
lepăda 1 1 23
lespede 2 1 0 2 44
licurici 2 1 10 1 28
licări 2 1 5 1 13
liman 1 1 48
limpede 5 1 5 1 6 1 15 1 34 1 46
lin 2 1 34 1 52
liniște 2 1 29 1 54
lipsi 1 2 22
liturghie 1 1 54
livadă 1 1 19
lovi 1 1 2
lua 2 1 8 1 20
lucretii 1 1 30
lucru 1 1 46
lume 20 1 8 1 10 1 15 1 42 1 40 1 18 1 20 1 21 1 22 1 27 1 30 1 38 1 35 1 36 2 46 2 1 2 34 2 17 2 16 3 5
lumină 13 1 1 1 16 1 22 1 30 1 39 1 47 1 50 1 52 1 53 2 20 2 46 3 5 3 15
lumânare 1 1 20
luncă 4 1 8 1 10 1 24 1 46
lung 5 1 19 1 20 1 29 1 32 1 47
luntre 1 1 39
luntriță 1 1 31
lună 7 1 9 1 13 1 27 1 41 1 52 2 18 2 25
lup 1 1 45
luptă 7 1 5 1 19 1 22 1 29 1 31 1 42 2 15
lut 3 1 32 1 38 1 46
lângă 5 1 7 1 13 1 23 1 51 2 33
lăcaș 2 1 29 1 44
lăcrima 2 1 23 1 36
lăsa 6 1 8 1 31 1 47 1 48 1 54 2 25
lătra 1 1 13
m 9 1 5 1 9 1 24 1 40 1 47 2 33 2 48 4 7 4 8
mac 1 1 24
machiavelic 1 1 30
mag 2 1 5 1 40
mai 33 1 11 1 24 1 23 1 30 1 34 1 14 1 44 1 7 1 6 1 48 1 52 1 0 2 53 2 40 2 36 2 35 2 49 2 19 2 18 2 5 2 3 3 25 3 29 3 20 3 17 3 16 3 8 3 46 3 47 3 4 4 27 4 28 5 2
mal 3 1 31 1 33 1 53
mamă 9 1 6 1 7 1 8 1 9 1 11 1 13 1 17 1 24 1 47
mansardă 1 1 43
mare 18 1 5 1 11 1 12 1 19 1 22 1 23 1 27 1 30 1 31 1 32 1 37 1 38 1 39 1 44 2 53 2 2 2 46 2 3
margine 4 1 19 1 23 1 25 1 27
marmură 1 1 29
matcă 3 1 1 1 21 2 8
mausolos 1 1 29
mașter 1 1 1
merge 3 1 19 1 23 1 47
meu 28 1 28 1 54 1 51 1 45 1 43 1 32 1 29 1 0 1 19 1 9 1 14 2 18 2 47 2 5 2 42 3 15 3 31 3 27 3 53 3 2 4 33 4 40 4 21 5 22 5 48 6 16 7 8 7 1
meșter 2 1 3 1 34
mic 1 1 48
miel 1 1 10
mierlă 1 1 12
miez 2 1 32 1 35
miezuină 2 1 20 1 22
mijă 1 1 20
milostiv 2 1 2 1 3
milă 3 1 2 1 16 1 19
minciună 1 1 30
mintă 16 1 1 1 8 1 15 1 22 1 27 1 29 1 30 1 31 1 33 1 41 1 46 1 47 1 53 2 16 2 38 3 21
minuna 2 1 28 1 30
minune 1 1 29
mir 1 1 10
mireasă 1 1 10
miriște 2 1 2 1 19
miros 1 1 54
mișca 2 1 6 1 19
moare 3 1 6 1 40 3 27
moarte 14 1 9 1 14 1 19 1 20 1 22 1 27 1 32 1 40 1 41 1 45 1 50 2 29 2 44 4 16
moară 3 1 6 1 11 1 35
moaște 1 2 29
mohorî 1 1 6
molatic 1 1 19
molcom 1 1 49
moldovei 1 1 49
monoton 1 1 43
mor 7 1 14 1 17 1 20 2 29 2 33 2 41 3 27
mormânt 6 1 27 1 32 1 40 1 44 1 46 1 51
mort 9 1 5 1 8 1 14 1 20 1 29 1 30 1 46 2 34 3 44
mortuar 1 1 29
movilă 1 1 46
moș 5 1 4 1 7 1 13 1 20 1 25
moșie 2 1 20 1 31
moșneag 4 1 5 1 6 1 22 2 25
moștean 3 1 38 1 40 1 42
mucenic 1 1 19
muceniță 1 1 6
muia 3 1 20 1 40 1 52
mulcom 2 1 8 1 10
mult 14 1 1 1 8 1 20 1 24 1 29 1 34 1 36 1 42 1 46 1 49 1 51 2 4 2 14 4 3
muncă 1 1 2
munte 5 1 5 1 17 1 25 1 49 3 22
mur 3 1 3 1 19 1 48
mura 1 1 8
murasul 1 1 4
murg 1 3 12
murmur 1 1 33
murmura 2 1 25 2 41
murăș 1 1 20
mustră 7 1 16 1 21 1 27 1 40 1 48 1 51 2 33
mut 14 1 3 1 8 1 13 1 16 1 21 1 26 1 38 1 39 1 42 1 43 1 44 1 46 1 50 2 41
mușca 1 1 24
mâine 2 1 21 1 50
mândri 2 1 22 1 46
mândrie 1 1 44
mândru 7 1 2 1 3 1 22 1 30 1 31 1 38 1 47
mânea 3 1 13 1 21 2 20
mânecă 1 1 12
mângâia 2 1 2 1 14
mânia 2 1 3 1 22
mântuitor 2 1 26 1 48
mână 10 1 10 1 13 1 16 1 21 1 27 1 44 1 51 2 6 2 19 4 20
măicuță 1 1 26
măiestru 2 1 22 1 29
măre 1 1 25
măreț 2 1 3 1 16
mărgăritar 1 1 37
mărie 1 2 25
mărita 2 1 3 1 24
mărturie 1 1 29
mărunt 1 1 16
măsură 2 1 35 1 42
mătasă 3 1 4 1 13 1 15
nalbă 1 1 8
naște 2 1 17 1 22
nbsp 1 24 46
neagoe 1 4 44
neam 5 1 3 1 17 1 21 1 30 1 44
neastâmpăr 1 1 53
nebun 3 1 8 1 15 1 40
necaz 1 1 3
necheza 1 1 12
necunoscut 1 1 54
necuprins 1 2 15
necurmat 1 1 47
necăji 2 1 17 1 25
negri 1 1 46
negru 5 1 5 1 29 1 39 1 48 2 21
negură 9 1 1 1 5 1 14 1 16 1 27 1 28 1 48 1 49 1 54
neguțător 1 1 51
nemangaiete 2 1 20 1 48
nemblanzite 1 1 21
nemilostiv 2 1 26 1 27
nemplinite 1 1 46
nemărginire 3 1 31 1 49 1 53
nemărginit 1 2 16
nemțesc 2 1 23 1 43
nemțește 1 1 20
nene 1 1 24
nenoroc 1 1 39
nenoroci 1 1 43
nenteleasa 1 1 15
nentelese 1 1 21
nepot 1 1 7
nepriceput 3 1 21 1 42 1 46
neprihănit 1 1 47
neputincios 5 1 1 1 2 1 3 1 16 1 29
nepătruns 2 1 32 1 33
nerasplatite 1 1 19
nesfârșit 2 1 2 1 29
nestemată 2 1 5 1 16
nesătul 1 1 51
netraite 1 1 54
nevastă 4 1 3 1 4 1 6 1 25
nevoie 1 1 23
nevolnicie 1 1 16
nevăstuică 1 1 11
neîmblânzit 1 1 45
neîmplinit 1 1 4
neîntrerupt 1 1 42
neînvins 2 1 31 1 46
neînțeles 1 1 46
neștiut 1 1 50
ni 3 1 27 2 20 2 23
nici 4 1 16 1 35 1 43 3 27
niculaie 1 1 13
nime 3 1 36 1 41 1 47
nimeni 4 1 2 1 14 1 49 1 52
nimfă 1 1 29
nimic 1 1 43
ninge 1 1 16
nisip 3 1 3 1 10 1 16
noapte 23 1 33 1 54 1 51 1 48 1 45 1 44 1 43 1 41 1 40 1 39 1 35 1 34 1 9 1 23 1 21 1 20 1 19 1 14 2 32 2 26 2 16 2 15 3 27
nor 2 1 16 1 34
noroc 3 1 2 1 9 1 48
norod 2 1 36 1 44
noroi 3 1 40 1 47 1 48
nost 1 1 3
nostru 17 1 53 1 49 1 39 1 6 1 38 1 9 1 13 1 1 1 20 1 24 2 17 2 27 2 22 3 8 4 4 4 2 7 3
nou 3 1 44 1 48 1 53
nu 28 1 2 1 53 1 52 1 51 1 30 1 9 1 7 1 1 1 4 2 18 2 20 2 23 2 24 2 25 2 3 2 28 2 14 2 36 2 38 2 42 2 43 2 48 2 50 3 8 3 16 3 21 4 6 6 27
numai 6 1 13 1 19 1 20 1 37 1 45 1 46
nume 3 1 33 1 46 1 51
număra 1 2 41
nuntă 4 1 3 1 16 1 24 1 46
nădejde 6 1 2 1 5 1 14 1 16 1 20 2 9
năframă 2 1 11 1 20
nănaș 1 1 13
nănașă 1 1 24
năprasnic 1 1 22
năpădi 1 1 28
nărui 1 1 47
născător 1 1 17
nătâng 3 1 14 1 29 1 31
năvală 1 1 48
năzuință 1 1 47
oaie 1 1 34
oară 9 1 8 1 20 1 24 1 42 1 43 2 17 2 18 2 33 2 50
oaspe 1 1 17
oaspăt 1 1 51
oaste 2 1 3 1 19
obidi 1 1 2
obraz 4 1 9 1 23 1 25 1 29
ochelari 1 1 13
ochi 18 1 20 1 50 1 38 1 31 1 29 1 27 1 26 1 22 1 21 1 0 1 19 1 6 1 4 1 2 1 1 2 15 3 16 3 5
ocol 1 1 41
ocroti 1 1 46
ocrotitor 1 1 47
odată 7 1 2 1 8 1 16 1 17 1 22 1 34 1 37
odihni 1 1 10
odinioară 6 1 8 1 28 1 38 1 48 1 51 1 53
odăjdii 1 1 25
ofta 6 1 6 1 19 1 25 1 32 1 34 1 40
oglindi 2 1 8 1 33
oglindă 2 1 16 1 53
ogradă 3 1 13 1 20 1 24
oiște 1 1 19
olt 2 1 3 2 8
oltul 3 1 4 1 8 1 44
oltule 1 1 3
oltului 1 2 8
om 4 1 3 1 23 1 40 2 17
omenie 2 1 17 1 30
omorî 1 1 27
opaiț 1 1 26
opincă 1 1 13
opri 10 1 11 1 15 1 23 1 27 1 28 1 46 1 47 1 50 1 52 2 36
or 2 1 0 1 49
oraș 1 1 43
orb 1 1 40
orfan 1 1 40
orhidee 1 1 52
orice 3 1 16 1 42 1 47
osebi 1 2 44
ostaș 1 1 29
ostrov 1 1 28
osândi 1 1 16
osândă 1 1 47
otavă 3 1 10 1 11 1 19
otravă 4 1 19 1 27 1 42 1 47
ovăz 2 1 11 1 19
oștean 5 1 1 1 8 1 11 1 13 1 25
oțel 1 1 19
pace 11 1 16 1 26 1 32 1 34 1 41 1 43 1 44 1 47 1 52 2 2 2 46
pahar 3 1 27 1 35 1 47
pai 3 1 2 1 5 1 27
palermo 1 1 52
palid 2 1 30 1 50
palmier 1 1 52
paltin 1 1 8
pamfletar 1 1 30
papură 1 1 19
par 10 1 3 1 8 1 16 1 26 1 27 1 32 1 43 1 52 1 53 2 5
parc 4 1 6 1 9 1 33 1 52
parcă 3 1 6 1 9 1 53
part 2 1 12 1 17
partenon 1 1 29
pas 5 1 5 1 12 1 28 1 47 2 23
pasere 1 1 18
pasăre 3 1 27 1 30 1 46
pat 4 1 13 1 32 1 44 1 51
patimă 12 1 1 1 4 1 15 1 16 1 19 1 21 1 22 1 30 1 42 1 45 1 46 1 47
patrafir 2 1 8 1 10
patru 1 4 20
pază 1 1 5
pe 48 1 30 1 41 1 18 1 42 1 44 1 21 1 47 1 12 1 49 1 27 1 6 1 50 1 51 1 31 2 34 2 24 2 26 2 35 2 53 2 38 2 14 2 48 2 10 2 8 2 7 2 52 3 46 3 36 3 2 3 17 3 1 3 9 3 15 3 28 4 22 4 40 4 16 4 13 4 11 4 33 4 5 4 4 5 19 5 29 5 25 5 3 7 23 7 20
peană 1 1 20
pecete 1 1 20
pedepsi 1 1 43
pentru 3 1 4 1 20 1 27
pernă 1 1 26
pescui 1 1 37
pesemne 6 1 8 1 32 1 38 1 42 1 43 2 33
pestă 11 1 5 1 12 1 16 1 22 1 24 1 25 1 27 1 43 1 46 1 49 1 52
petală 1 1 50
petrece 1 1 36
peșteră 1 1 25
piatră 4 1 0 1 29 1 44 2 15
pic 1 1 15
picur 2 1 9 1 16
picura 6 1 6 1 9 1 11 1 13 1 34 1 50
picătură 1 1 42
piept 2 1 1 1 22
pierde 8 1 5 1 8 1 29 1 34 1 40 1 42 1 44 1 46
pieri 2 1 3 1 29
pierzare 3 1 16 1 30 1 48
pildui 1 1 8
pildă 2 1 8 1 13
pitic 2 1 2 1 22
pivniță 1 1 35
plai 3 1 2 1 4 1 8
plan 1 1 30
plat 1 1 35
pleată 1 1 5
pleca 7 1 5 1 6 1 11 1 23 1 25 1 48 2 20
pleoapă 6 1 1 1 9 1 12 1 16 1 22 1 51
pleșuv 1 1 22
plimba 2 1 29 1 45
plin 5 1 6 1 20 1 30 1 35 1 53
ploaie 4 1 18 1 22 1 23 2 41
plop 1 1 12
plug 2 1 7 2 2
plumb 1 1 16
pluti 2 1 5 1 22
plânge 26 1 49 1 33 1 27 1 25 1 19 1 18 1 12 1 9 1 44 1 46 1 48 2 16 2 7 2 21 2 22 2 1 2 29 2 36 3 40 3 24 3 34 3 8 3 6 3 4 3 2 4 32
plânset 1 1 3
plânsoare 6 1 20 1 21 1 22 1 32 1 34 1 36
plămădi 1 1 42
plăpând 1 1 28
plăti 2 1 2 1 47
poală 3 1 8 1 9 1 29
poartra 1 1 14
poartă 13 1 15 1 20 1 25 1 28 1 30 1 36 1 46 2 3 2 16 2 27 2 40 2 41 3 5
pocăi 1 1 46
podoabă 3 1 6 1 16 1 46
poet 1 1 46
poezie 4 1 28 1 30 1 46 1 47
pogorî 1 1 8
poiană 6 1 3 1 12 1 19 1 22 1 25 1 28
pop 3 1 17 1 20 1 27
popas 3 1 23 1 35 1 47
popor 1 1 36
popă 2 1 54 5 20
porni 8 1 8 1 19 1 22 1 25 1 31 1 32 1 49 2 23
port 4 1 15 1 40 1 42 1 44
porumb 1 1 19
poruncă 2 1 8 1 42
posomorî 1 1 29
potcoavă 1 1 12
potop 3 1 3 1 5 1 42
povară 6 1 1 1 2 1 5 1 40 1 42 1 47
povață 6 1 1 1 22 1 23 1 25 1 42 1 53
poveste 14 1 3 1 4 1 7 1 8 1 10 1 19 1 21 1 25 1 30 1 40 2 13 2 22 3 6 3 27
pradă 1 1 1
praf 3 1 3 1 15 2 29
prag 8 1 9 1 20 1 35 1 38 2 5 2 6 2 27 2 41
pravilă 1 1 27
praznic 2 1 5 1 28
prea 1 1 6
preacurat 4 1 5 1 7 1 10 2 15
preajmă 2 1 15 1 50
precum 1 1 20
prelung 3 1 6 1 19 1 53
preot 1 1 8
pribeag 9 1 5 1 6 1 11 1 18 1 22 1 32 1 35 1 42 1 45
pribeagule 1 1 36
pribegie 1 1 28
pricepe 2 1 36 2 45
prigoni 1 1 45
prim 3 1 31 1 46 1 47
primăvară 4 1 49 1 50 2 2 6 27
primăvăratic 1 1 38
prin 9 1 2 1 3 1 36 1 42 1 43 1 45 1 48 2 15 3 5
prinde 7 1 3 1 19 1 29 1 31 1 43 1 47 1 54
prinos 1 1 6
printre 4 1 8 1 28 1 30 1 40
prispă 1 1 23
priveliște 1 1 47
privi 6 1 8 1 22 1 23 1 29 1 31 1 38
privighetoare 1 1 4
proaspăt 3 1 16 1 44 1 47
profeție 1 1 48
proroc 1 2 48
prunc 1 2 18
prăpastie 3 1 1 1 32 1 51
prăpădi 2 1 3 1 20
pui 3 1 6 1 11 1 27
pulbere 2 1 16 1 23
pumn 1 1 48
pumnal 1 1 30
pune 2 2 22 3 20
purcede 3 1 10 1 22 1 29
purta 4 1 2 1 27 1 30 1 40
pururea 2 1 34 1 42
pururi 7 1 30 1 31 1 36 1 38 1 46 1 47 2 1
pustietate 1 1 16
putea 4 1 18 1 23 1 42 1 49
puternic 1 1 46
putred 1 1 47
pușcă 6 1 2 1 15 1 24 1 38 1 45 2 48
pâine 3 1 2 1 48 3 21
pân 2 1 35 1 52
pândi 1 1 39
pândă 1 1 45
pârcălab 1 1 44
păcat 3 1 23 1 42 2 30
păcătui 1 1 15
pădure 4 1 45 1 51 2 22 2 25
păgân 8 1 3 1 14 1 15 1 16 1 19 1 22 1 38 1 46
pământ 10 1 11 1 16 1 22 1 29 1 32 1 36 1 40 1 46 1 47 2 17
păr 1 1 25
părea 5 1 5 1 16 1 23 1 39 2 19
părinte 7 1 2 1 4 1 8 1 10 1 17 1 40 2 1
părăgini 1 1 27
părăsi 2 1 18 1 44
păstor 1 1 3
păsăruică 1 1 18
pătimi 1 1 1
pătrunde 3 1 5 1 20 1 44
pășune 1 1 20
rad 1 2 20
radă 15 1 1 1 8 1 13 1 14 1 16 1 19 1 23 1 27 1 38 1 46 1 50 2 2 2 5 3 15 3 18
ramses 1 1 29
ramură 1 1 50
ramă 1 1 1
rană 1 1 53
rar 2 1 12 1 20
rbari 1 1 30
reavăn 1 1 27
rece 6 1 29 1 40 1 43 1 44 1 47 1 52
repaos 2 1 16 1 42
revedea 1 2 39
revărsa 4 1 1 1 19 1 46 1 48
reînvia 3 1 28 1 40 1 53
ridica 3 1 13 1 20 1 36
rimă 1 1 47
risipi 3 1 6 1 35 1 36
roabă 1 1 16
roadă 3 1 7 1 24 1 36
roată 3 1 2 1 47 2 20
rob 2 1 38 1 40
robi 3 1 16 1 32 1 41
robie 1 1 1
rodi 1 1 16
rodnic 2 1 2 1 46
rogu 1 1 8
roi 2 1 28 1 54
roib 1 1 3
românesc 2 1 17 1 43
rost 4 1 1 1 15 1 16 1 17
rotogol 1 1 17
rouă 5 1 2 1 4 1 10 2 16 2 46
roș 2 1 25 1 52
rug 1 1 7
rugă 7 1 16 1 25 1 31 1 36 1 43 1 46 1 47
rugăciune 3 1 15 1 26 1 43
ruină 2 1 16 1 29
rumen 2 1 5 1 20
rupe 1 1 22
rușine 1 1 22
râde 8 1 2 1 5 1 27 1 29 1 30 1 31 1 40 1 46
rând 6 1 7 1 21 1 36 2 26 2 33 2 53
rândunică 2 1 6 1 27
râset 1 1 8
râu 1 1 15
răchită 1 1 12
rădăcină 2 1 8 1 19
rămâne 11 1 8 1 27 1 30 1 38 1 40 1 46 1 48 1 49 2 7 2 29 2 47
răposa 2 1 4 1 8
răpune 1 1 8
răsai 3 1 5 1 6 1 27
răscoli 1 1 48
răscruce 2 1 8 1 12
răsfira 1 1 25
răsfrânge 2 1 19 1 46
răstigni 1 1 23
răstriște 1 1 26
răsturna 1 1 25
răsufla 1 1 19
răsuflet 1 1 29
răsuna 1 1 26
răsări 6 1 4 1 21 1 27 1 28 1 37 1 52
rătăci 6 1 7 1 15 1 18 1 33 1 38 1 40
rătăcitor 4 1 1 1 16 1 28 1 36
răuplatnic 5 1 1 1 6 1 29 1 35 1 38
răvaș 1 1 20
răzbuna 1 1 3
răzbunător 1 1 2
răzima 2 1 8 1 11
răzleț 7 1 6 1 7 1 27 1 29 1 30 1 31 1 40
răzor 2 1 12 1 25
răzvrăti 4 1 3 1 21 1 42 1 46
sacuri 1 1 3
sahara 1 1 42
sapă 3 1 1 1 12 1 21
sarcofag 1 1 29
sat 11 1 5 1 7 1 8 1 9 1 12 1 40 1 41 1 54 2 20 2 23 3 17
satană 1 1 30
satir 2 1 29 1 30
scaldă 2 1 15 1 52
scară 1 1 44
schelet 1 1 19
schijă 1 1 10
schimb 1 1 2
schimba 2 1 22 2 8
sclipi 1 1 20
scorbură 1 1 15
scria 1 1 20
scrie 6 1 6 1 8 1 20 1 26 1 27 1 29
scriptură 1 1 6
scrisoare 1 3 20
scufunda 1 1 49
scump 1 1 3
scumpete 1 1 35
scurma 1 1 3
scutura 1 1 14
scândură 1 1 33
scânteia 5 1 5 1 16 1 36 1 46 2 0
scârțâi 1 1 13
scădea 1 1 31
scăpa 2 1 40 1 51
seară 4 1 0 1 2 1 17 1 24
semn 1 1 20
semăna 3 1 1 1 19 1 24
senin 6 1 8 1 15 1 17 1 46 2 5 2 16
seninătate 2 1 2 1 6
sepulcral 1 1 52
setă 2 1 19 1 48
sfat 8 1 5 1 20 1 23 1 30 1 34 1 36 1 44 1 54
sfeșnic 1 1 20
sfială 5 1 10 1 25 1 46 1 52 2 6
sfielnic 1 1 6
sfinx 1 1 29
sfințenie 1 1 5
sfios 3 1 3 1 4 1 6
sfânt 13 1 3 1 15 1 20 1 22 1 29 1 42 1 47 1 48 2 5 2 6 2 23 3 46 4 2
sfârși 1 1 8
sfărma 6 1 3 1 5 1 12 1 20 1 21 1 48
sfărâmă 2 1 3 1 44
si 48 1 14 1 28 1 26 1 24 1 17 1 39 1 10 1 42 1 51 1 45 1 7 2 0 2 12 2 13 2 25 2 35 2 33 3 18 3 2 3 30 3 31 3 38 3 44 3 41 4 32 4 36 4 1 4 23 4 21 4 19 4 3 4 11 4 4 5 27 5 22 5 53 5 15 5 40 5 8 5 47 6 54 6 46 6 6 7 5 7 48 7 16 10 29 13 20
sicriu 2 1 27 1 30
simț 13 1 16 1 29 1 31 1 32 1 40 1 43 1 47 1 53 1 54 2 1 2 5 2 9 2 21
simți 6 1 16 1 19 1 25 1 33 1 38 1 51
singur 3 1 2 1 18 1 29
singurătate 4 1 16 1 46 1 47 2 15
sinistru 1 1 51
sinod 1 1 30
sită 1 1 2
slav 4 1 3 1 22 1 29 1 46
slovă 3 1 3 1 20 2 6
slugă 2 1 20 1 31
slujbă 3 1 6 1 7 1 23
sluji 1 1 54
smalț 3 1 1 1 12 1 16
smeri 1 1 16
smulge 5 1 1 1 32 1 38 1 43 2 16
soarbă 1 1 22
soare 20 1 21 1 52 1 50 1 48 1 47 1 41 1 30 1 27 1 25 1 1 1 19 1 18 1 15 1 12 1 11 1 8 1 6 1 4 2 5 3 46
soartă 2 1 38 2 22
soc 1 1 8
sol 1 1 40
solie 1 1 38
solitar 3 1 28 1 43 1 45
somn 4 1 6 1 22 1 44 2 43
sonet 1 1 30
sorb 1 1 52
soră 2 1 6 1 34
sorț 1 1 3
spadă 1 1 3
sparge 2 1 29 1 32
spic 1 1 21
spin 1 1 28
spor 1 1 4
spre 9 1 15 1 20 1 25 1 31 1 44 1 47 1 48 1 49 2 1
spulbera 1 1 36
spune 13 1 3 1 4 1 6 1 7 1 17 1 24 1 25 1 46 1 49 2 18 2 36 3 8 3 23
spuză 1 1 7
sta 28 1 26 1 52 1 50 1 47 1 45 1 44 1 40 1 34 1 28 1 0 1 24 1 18 1 6 1 8 1 13 1 14 1 19 1 22 2 30 2 43 2 27 2 20 2 25 3 29 3 16 3 15 3 46 4 23
statornic 3 1 27 1 30 1 42
stejar 1 1 14
stem 1 1 42
stemă 1 1 15
sterp 1 1 19
stih 1 1 32
stihuitor 1 1 36
stinge 8 1 6 1 19 1 34 1 42 1 46 1 50 2 16 3 29
stol 1 1 8
straje 1 1 40
strană 4 1 5 1 6 1 17 1 26
strat 2 1 24 1 52
strașină 3 1 5 1 15 1 27
streașină 2 1 18 2 41
strecura 1 1 27
strigă 9 1 1 1 3 1 21 1 22 1 42 1 45 1 49 1 51 1 54
strigăt 3 1 40 1 42 1 48
strivi 4 1 3 1 19 1 21 1 22
strop 13 1 4 1 15 1 20 1 29 1 30 1 31 1 34 1 37 1 38 1 42 1 46 1 50 2 40
strungă 1 1 20
strună 6 1 1 1 2 1 22 1 36 2 21 2 46
strâmb 2 1 47 1 48
strânge 5 1 3 1 6 1 12 1 20 1 23
străin 5 1 23 1 24 1 28 1 36 1 48
străjui 2 1 2 1 13
străluc 10 1 1 1 5 1 6 1 14 1 38 1 46 2 15 2 16 2 29 3 2
strălucitor 3 1 5 1 30 1 47
străvechi 2 1 21 1 52
stâlp 1 1 7
stâncă 2 1 15 1 22
stăpân 3 1 2 1 22 1 42
stăpâni 3 1 20 1 35 1 38
stăpână 4 1 1 1 32 1 44 2 8
stărui 2 1 22 1 25
stătătoare 1 1 29
sub 14 1 1 1 2 1 4 1 11 1 13 1 16 1 19 1 21 1 22 1 27 1 29 1 32 1 51 2 5
subsuoară 1 1 20
subt 1 1 13
subțioară 1 1 3
sudoare 2 1 2 1 21
suferintii 2 1 2 1 4
sufla 1 1 44
suflet 23 1 47 1 3 1 45 1 9 1 14 1 15 1 16 1 18 1 42 1 38 1 37 1 23 1 36 1 34 2 22 2 32 2 1 2 21 2 19 2 5 2 2 3 27 3 46
suge 1 1 19
suli 1 1 48
supune 7 1 22 1 23 1 26 1 32 1 38 1 46 2 20
sur 2 1 15 1 54
surată 1 1 25
surd 2 1 48 1 49
surlă 2 1 25 1 53
surpa 1 1 29
surâde 1 1 30
sus 9 1 2 1 4 1 5 1 19 1 25 1 29 1 34 1 44 3 47
suspina 1 1 29
suveran 1 1 44
sân 10 1 2 1 3 1 4 1 6 1 9 1 11 1 18 1 20 1 46 1 47
sânge 6 1 15 1 19 1 21 1 30 1 40 1 42
să 43 1 30 1 34 1 53 1 4 1 28 1 44 1 10 1 43 1 39 2 40 2 35 2 25 2 24 2 36 2 37 2 20 2 19 2 14 2 49 2 50 2 52 2 54 2 0 3 38 3 1 3 22 3 21 3 2 3 7 4 31 4 27 4 23 4 6 4 51 4 48 5 47 5 8 6 29 6 3 6 16 7 15 8 9 16 17
sădi 1 1 1
săgetător 1 1 29
sălbatic 3 1 0 1 36 1 49
sălnic 1 1 19
sănătate 4 1 5 1 23 1 24 1 30
săpa 1 1 29
săptămână 3 1 21 1 24 1 27
sărac 4 1 22 1 33 1 35 1 40
sărbătoare 8 1 2 1 3 1 17 1 21 1 27 1 42 1 47 1 48
sărman 7 1 19 1 20 1 28 1 29 1 32 1 41 1 44
sărut 1 1 27
săruta 7 1 3 1 8 1 9 1 16 1 20 1 23 2 46
sărăcăcios 1 1 29
sătean 1 1 17
său 1 1 53
săvârși 1 1 3
ta 19 1 53 1 51 1 45 1 23 1 1 1 30 1 31 2 8 2 21 2 29 2 34 3 27 3 46 3 42 3 16 3 15 3 3 5 5 6 6
tainic 10 1 2 1 5 1 16 1 22 1 31 1 32 1 33 1 41 1 46 1 51
taină 12 1 1 1 2 1 6 1 16 1 18 1 24 1 25 1 34 1 42 1 46 1 50 1 53
tală 13 1 1 1 3 1 5 1 6 1 25 1 35 1 37 1 42 1 46 1 50 1 53 2 20 2 31
tară 10 1 3 1 5 1 17 1 20 1 22 1 28 1 42 1 45 2 35 3 40
tată 3 1 3 1 30 1 46
tei 2 1 38 1 46
temă 1 1 46
tezaur 3 1 3 1 5 1 27
tii 1 1 8
tilincă 1 1 27
tindă 3 1 13 1 27 1 35
tinerețe 1 1 16
tină 7 1 1 1 5 1 17 1 24 1 35 2 6 2 27
tivi 2 1 9 1 19
toacă 2 1 10 2 26
toamnă 5 1 2 1 6 1 9 1 27 2 50
toiag 1 1 20
tot 27 1 25 1 54 1 51 1 49 1 46 1 37 1 32 1 28 1 27 1 22 1 4 1 8 1 7 1 5 2 17 2 16 2 47 2 35 2 36 3 2 3 3 3 48 3 29 3 1 3 24 3 23 4 20
totdeauna 2 1 2 1 46
tovarăș 2 1 19 1 45
tovărășie 1 1 3
trai 1 1 17
trainic 1 1 42
traistă 1 1 20
trandafir 5 1 4 1 6 1 46 2 15 3 27
tranșee 1 1 43
treaz 1 1 20
trece 12 1 3 1 5 1 7 1 16 1 19 1 23 1 29 1 34 1 35 2 24 2 25 5 51
trecătoare 1 1 29
trei 4 1 8 1 13 1 20 1 30
tremur 3 1 2 1 9 1 27
tremura 14 1 9 1 13 1 19 1 20 1 22 1 23 1 28 1 29 1 31 1 34 1 46 2 6 2 25 2 27
tremurătoare 3 1 16 1 25 1 27
tremurător 1 1 46
tresai 1 1 26
trestie 2 1 10 1 11
tresălta 3 1 11 1 47 1 53
tresări 9 1 0 1 2 1 3 1 10 1 22 1 32 1 42 1 43 2 41
trezi 1 2 44
trimite 7 1 2 1 6 1 20 1 22 1 24 1 29 1 38
trist 4 1 19 1 26 1 33 3 29
triumfal 1 1 48
trișcă 1 1 38
tropar 1 1 5
trosni 2 1 19 1 29
trudi 6 1 2 1 11 1 15 1 19 1 22 1 27
trudă 4 1 1 1 19 1 21 2 2
trup 4 1 1 1 3 1 19 1 29
trăi 5 1 2 1 17 1 21 1 34 2 46
trăsnet 1 1 22
tu 39 1 25 1 48 1 5 1 39 1 37 1 19 1 30 2 1 2 24 2 28 2 17 2 16 2 36 2 0 3 35 3 29 3 40 3 50 3 26 3 14 3 7 5 49 5 21 5 31 5 33 5 42 5 15 5 8 5 38 6 6 7 45 9 27 9 22 10 41 10 18 11 34 11 3 13 2 14 46
tulbura 4 1 15 1 26 1 42 2 1
tulpină 1 1 19
turbă 1 1 45
turlă 1 1 12
turmă 3 1 34 1 47 1 48
tustrei 1 1 4
tâlhar 1 1 51
tâmplă 3 1 5 1 6 1 16
tânăr 2 1 17 1 25
târg 1 1 24
târziu 8 1 0 1 16 1 26 1 33 1 34 1 40 1 47 1 52
tăcea 6 1 8 1 13 1 19 1 22 1 40 1 52
tăinui 1 1 3
tălaz 2 1 31 1 39
tămâia 2 1 5 1 6
tărie 2 1 1 1 3
tărâm 1 1 40
tău 10 1 16 1 26 1 27 1 30 1 51 1 53 2 42 3 3 4 5 5 6
ucenic 2 1 31 1 42
ui 2 1 3 1 31
uita 14 1 4 1 5 1 8 1 9 1 16 1 19 1 28 1 31 1 36 1 40 1 42 1 50 1 53 3 23
ulicioară 1 1 6
uliță 1 1 48
umbră 11 1 1 1 2 1 6 1 8 1 16 1 23 1 39 1 43 1 51 1 52 2 21
umed 1 1 40
umil 4 1 1 1 16 1 25 1 31
umăr 2 1 1 1 14
un 46 1 2 1 54 1 50 1 45 1 42 1 37 1 35 1 33 1 31 1 30 1 27 1 25 1 22 1 20 1 1 1 3 1 16 1 12 1 7 2 36 2 48 2 4 2 43 2 5 2 34 2 23 2 15 2 26 3 32 3 52 3 49 3 18 3 47 3 39 3 9 3 28 4 41 4 17 4 11 5 6 5 19 6 8 7 46 7 38 8 40 8 29
undeva 2 1 29 1 43
undă 11 1 2 1 10 1 34 1 40 1 48 1 49 2 5 2 33 2 38 2 44 5 3
ungher 1 1 27
uragan 1 1 42
urca 1 2 47
ureche 2 1 21 1 25
urgie 1 1 49
urla 4 1 1 1 3 1 15 1 48
urlet 1 1 22
urmă 7 1 1 1 19 1 28 1 36 1 47 1 48 1 52
urmări 1 1 47
urni 2 1 44 1 49
urnă 2 1 29 1 43
urs 3 1 1 1 22 1 27
ursitor 1 1 6
urzi 2 1 2 1 30
ură 6 1 1 1 29 1 40 1 42 1 45 1 47
usca 2 1 19 1 27
utrină 1 1 26
ușura 1 1 47
ușă 2 1 13 2 27
v 7 1 3 1 18 1 22 1 27 2 40 2 48 3 2
vad 1 1 3
vai 2 1 14 1 40
vaier 5 1 32 1 42 1 43 1 48 2 22
val 14 1 1 1 3 1 5 1 8 1 16 1 28 1 31 1 32 1 33 1 36 1 42 1 44 1 47 1 48
vale 5 1 3 1 12 1 20 1 23 1 34
valmă 1 1 54
vară 4 1 1 1 2 1 16 1 19
vatican 1 1 30
vatră 4 1 0 1 8 1 15 1 40
vază 1 1 36
veac 10 1 3 1 34 1 40 1 42 1 43 1 47 1 48 2 5 2 21 3 1
vecernie 1 1 23
vechi 15 1 5 1 13 1 18 1 19 1 20 1 26 1 27 1 28 1 29 1 42 1 43 1 44 1 48 1 53 2 38
vechime 2 1 42 1 47
veda 3 1 12 1 13 1 25
vedea 16 1 6 1 15 1 17 1 19 1 26 1 28 1 31 1 39 1 41 1 44 1 50 2 9 2 24 3 5 3 16 3 23
veghe 2 1 16 2 41
veni 21 1 2 1 4 1 52 1 14 1 15 1 51 1 50 1 49 1 29 1 30 1 32 1 35 2 54 2 48 2 38 2 33 2 27 2 23 2 6 3 17 3 3
venit 1 3 29
verde 2 1 4 1 29
veselie 1 1 3
vesperal 1 1 52
vestă 1 1 24
vetrii 1 1 13
veșcă 2 1 43 1 48
veșmânt 1 1 47
veșnic 5 1 15 1 22 1 27 1 40 1 42
veșnicie 2 1 29 1 38
veșted 1 1 27
viață 10 1 5 1 8 1 15 1 29 1 31 1 39 1 44 1 47 2 30 2 46
viclean 2 1 3 1 22
viețui 1 1 46
vifor 8 1 1 1 2 1 14 1 16 1 22 1 42 1 45 2 46
vijelie 1 1 22
vijelios 1 1 49
vinovat 1 1 51
vioriu 1 1 15
vis 23 1 22 1 48 1 46 1 45 1 43 1 41 1 40 1 38 1 36 1 26 1 0 1 21 1 18 1 16 1 14 1 11 1 8 1 3 1 2 2 27 2 6 2 4 3 29
visa 2 1 42 2 46
visător 1 1 40
viteaz 1 1 3
vitreg 3 1 2 1 6 1 22
vită 1 1 20
voievod 1 1 44
voinic 2 1 25 2 12
vorbi 1 1 48
vorbă 3 1 6 1 23 1 44
vostru 7 1 41 2 48 3 29 4 18 4 21 4 22 9 2
vrajbă 1 1 29
vrajă 5 1 10 1 16 1 27 1 29 1 46
vrea 17 1 1 1 9 1 12 1 16 1 17 1 19 1 0 1 43 1 28 1 34 1 36 1 38 2 15 2 23 3 20 3 21 7 46
vrednic 1 1 8
vreme 22 1 20 1 42 1 34 1 31 1 30 1 24 1 47 1 21 1 19 1 14 1 48 1 6 1 4 2 54 2 46 2 51 2 2 2 29 2 8 2 5 3 22 3 3
vreodată 3 1 14 1 47 1 50
vreun 2 1 17 2 43
vultur 1 1 15
vâltoare 1 1 48
vâna 8 1 14 1 16 1 22 1 25 1 29 1 30 1 42 1 51
vânt 8 1 6 1 8 1 27 1 36 1 40 1 43 1 46 2 19
vârtej 1 1 8
văduv 1 1 40
văl 1 1 16
văleat 1 1 3
văpaie 3 1 9 1 46 2 15
văpăi 1 1 36
vărsa 1 1 3
văz 1 1 1
văzduh 2 1 29 1 46
zadar 2 1 25 1 29
zadarnic 7 1 5 1 6 1 8 1 15 1 29 1 38 1 46
zară 8 1 1 1 4 1 6 1 8 1 11 1 18 1 49 2 46
zbate 3 1 1 1 6 1 22
zbor 4 1 5 1 29 2 15 2 32
zbucium 2 1 38 1 42
zbuciuma 6 1 1 1 16 1 22 1 27 1 46 2 33
zbura 4 1 4 1 15 1 22 1 28
zdreanță 1 1 51
zdrențui 1 1 19
zdrobi 4 1 3 1 19 1 29 1 46
zeche 1 1 19
zeghe 1 1 54
zgheab 1 1 25
zgribura 1 1 31
zgură 1 1 48
zi 8 1 6 1 18 1 21 1 48 2 5 2 20 2 27 3 49
zice 3 1 7 1 17 1 23
zid 1 1 23
zidi 2 1 16 1 22
zmeuret 1 1 27
zori 1 1 20
zugrăvi 1 1 23
zurgălău 1 1 10
zvon 7 1 1 1 8 1 10 1 22 1 25 1 43 1 49
zvâcni 2 1 16 1 42
zvânta 2 1 12 1 42
zâmbet 6 1 5 1 6 1 16 1 29 1 47 3 27
zâmbi 6 1 5 1 6 1 15 1 18 1 27 2 13
zână 1 1 2
zăbavă 1 1 47
zăgaz 1 1 3
zăpadă 3 1 6 1 9 1 13
zăplaz 1 1 23
zăvoi 1 1 8
zăvor 4 1 16 1 35 1 51 2 27
zăvorî 2 1 21 1 32
îmbina 2 1 25 1 53
îmbrăca 3 1 1 1 16 1 48
îmbrățișa 7 1 3 1 4 1 6 1 10 1 11 1 16 1 46
îmbujora 3 1 3 1 16 1 19
îmbăta 1 1 46
împietri 1 1 52
împinge 1 1 32
împle 1 1 46
împleti 7 1 3 1 4 1 5 1 6 1 18 1 21 1 48
împodobi 1 1 29
împrejur 1 1 47
împresura 1 1 28
împreuna 1 1 16
împânzi 1 1 10
împăca 3 1 5 1 13 1 17
împăra 5 1 3 1 6 1 8 2 7 3 20
împărătesc 1 1 17
împărăție 1 1 53
împărți 2 1 25 1 43
împătura 1 1 20
în 52 2 53 2 52 2 51 2 13 3 0 3 30 3 24 3 31 3 39 3 45 3 7 3 50 3 4 4 10 4 12 4 49 4 44 4 43 4 38 4 35 4 28 5 41 5 40 5 33 5 54 5 8 6 26 6 25 6 48 6 32 6 34 6 36 6 18 7 17 7 9 7 42 7 21 7 29 9 23 9 3 10 19 10 5 11 27 11 47 11 6 11 2 13 16 13 15 13 22 15 1 16 20 18 46
înainte 2 1 16 1 47
înalt 4 1 12 1 19 1 22 1 47
înapoi 2 1 3 1 29
începe 2 1 34 1 53
încet 11 1 6 1 14 1 19 1 20 1 23 1 25 1 29 1 33 1 36 2 5 2 34
înceta 1 1 42
încetișor 1 1 9
închega 1 1 1
închide 5 1 12 1 16 1 42 1 51 1 53
închina 6 1 2 1 14 1 20 1 23 1 25 1 26
încinge 1 1 3
înclina 1 1 28
încolăci 1 1 39
încorda 1 1 36
încovoia 1 1 3
încremeni 2 1 3 1 41
încrezător 1 1 40
încrucișa 2 1 27 1 44
încrunta 1 1 25
încă 1 1 21
încălzi 1 1 23
încăpea 1 1 2
îndelung 2 1 23 1 32
îndemna 3 1 8 1 9 1 12
îndepărta 2 1 17 1 46
îndoi 1 2 25
îndrepta 5 1 1 1 15 1 20 1 31 1 44
îndruma 1 1 22
îndrăgosti 2 1 1 2 16
îndrăzneț 1 1 22
înduioșa 5 1 2 1 4 1 23 1 26 1 50
îndurera 4 1 8 1 21 1 27 1 29
îndurător 1 1 2
îndărătnic 1 1 3
înfierbânta 2 1 6 1 16
înfiora 15 1 1 1 2 1 4 1 6 1 10 1 16 1 19 1 21 1 25 1 27 1 34 1 41 1 45 1 51 1 53
înfiripa 3 1 13 1 19 1 39
înflori 3 1 6 1 24 1 50
înfricoșa 5 1 1 1 2 1 3 1 21 1 42
înfrigura 4 1 16 1 47 1 48 1 50
înfrunta 1 1 31
înfrânge 1 1 27
înfrăți 5 1 3 1 4 1 15 1 29 1 46
înfășura 1 1 40
îngenunchea 3 1 16 1 23 1 46
înger 2 1 15 1 29
înghiți 1 1 14
îngropa 9 1 5 1 9 1 16 1 17 1 21 1 29 2 3 2 44 3 27
îngropăciune 1 1 32
îngrozi 2 1 29 1 46
îngust 1 1 47
îngândura 1 1 11
înlăcrima 3 1 2 1 12 1 29
înlănțui 1 1 15
înmormânta 1 1 27
înroura 1 1 28
însemn 1 1 49
înseta 1 1 42
înspre 3 1 12 1 19 1 25
înstrăina 2 1 3 1 10
însura 1 1 7
însângera 2 1 46 1 48
întinde 8 1 2 1 10 1 11 1 22 1 31 1 33 1 47 2 19
întoarce 6 1 15 1 19 1 28 1 48 1 49 2 8
întotdeauna 2 1 31 2 41
întra 17 1 20 1 50 1 46 1 42 1 33 1 32 1 23 1 2 1 19 1 16 1 11 1 6 2 18 2 38 2 8 2 49 3 12
întreba 10 1 15 1 20 1 23 1 27 1 33 1 38 1 46 1 50 1 51 1 53
întrebător 1 1 50
întrece 1 1 47
întreg 8 1 9 1 17 1 19 1 25 1 34 1 36 1 39 3 27
întretăia 1 1 15
întrista 2 1 11 1 20
întruchipa 1 1 29
întrupa 2 1 6 1 38
întuneca 4 1 21 1 25 1 29 1 51
întunerec 2 1 16 1 21
întuneric 2 1 16 1 46
întâi 1 1 27
întâia 1 1 38
întâlni 3 1 21 1 31 1 44
întâmpla 1 1 36
întâmplător 1 1 17
întârzia 1 1 50
întări 1 2 20
învestmânta 1 1 15
învia 2 1 16 1 50
învifora 1 1 36
învolbura 1 1 23
învălit 1 1 16
învăța 4 1 1 1 5 1 22 2 17
învățătură 2 1 5 1 6
înzăpezi 1 1 45
înălța 1 1 20
înălțime 2 1 47 2 20
înăspri 1 1 21
înșela 4 1 18 1 21 1 41 1 43
înțelege 9 1 21 1 25 1 36 1 39 1 42 1 44 1 45 1 50 2 27
înțelepciune 2 1 5 1 50
înțelept 3 1 1 1 8 1 44
înțoli 1 1 20
îî 2 1 49 1 52
ăst 3 1 9 1 20 1 32
șa 1 2 25
șchiop 1 1 8
șea 1 1 12
ședea 1 1 19
șerpui 1 1 51
șes 1 1 3
șezătoare 1 1 27
șină 37 1 28 1 52 1 51 1 30 1 47 1 12 1 13 1 44 1 32 1 17 1 36 1 37 1 39 2 43 2 40 2 42 2 54 2 49 2 53 2 21 2 18 2 15 3 2 3 5 3 22 3 6 3 8 4 16 4 1 4 10 4 46 4 27 5 19 5 20 5 33 6 29 8 25
șirag 1 1 14
șireag 1 1 16
șiret 1 1 18
șoaptă 3 1 32 1 46 1 54
șoim 1 1 22
șopot 2 1 2 1 13
șopoti 1 1 6
ști 16 1 0 1 2 1 9 1 21 1 24 1 34 1 36 1 51 1 53 1 54 2 8 2 23 2 38 2 47 3 18 3 20
știutor 1 1 6
șui 3 1 12 1 25 1 30
șuviță 1 1 9
țar 6 1 4 1 6 1 17 1 23 1 24 1 49
țarină 1 1 49
țață 4 1 4 1 7 1 8 1 24
țese 2 1 27 2 38
ți 52 1 0 1 39 1 52 1 41 2 51 2 20 2 48 2 13 2 10 2 43 2 37 2 53 2 54 3 40 3 44 3 45 3 49 3 17 3 12 4 50 4 7 4 30 4 14 5 26 5 15 5 31 5 33 5 21 5 35 5 36 5 38 6 47 6 9 6 42 6 32 6 5 6 2 7 1 7 34 7 19 7 6 8 29 8 25 8 24 9 22 10 27 10 4 11 23 14 46 14 8 15 3 16 16
ține 5 1 20 1 40 1 44 1 46 1 54
țintirim 4 1 16 1 27 1 51 2 23
țintui 1 1 15
țintă 2 1 16 1 47
țipa 2 1 15 1 19
țipăt 1 1 40
țol 1 1 13
țop 4 1 5 1 34 1 42 1 46
țăran 2 1 19 1 54
țărână 6 1 2 1 3 1 15 1 16 1 27 1 47
