140 279 45 77 137 42 107 97 92 74 120 151 88 107 74 137 115 98 85 112 81 98 133 429 141 138 31 102 247 112 187 104 122 119 61 163 76 73 65 162 85 99 273 134 134 38 62 78 84 62 51 63 101 154 94 86 86 60 59 54 57 61 672 80 67 73 103 83 89 69 42 64 108 58 71 60 45 28 133 165 58 78 75 53 34 311 67 72 100 202 100 133 68 104 75 62 65 51 54 56 50 64 61 73 81 11 5 67 51 47 67 58 83 96 74 72 72 56 165 53 115 39 37 33 62 49 47 46 24 23 77 91 29 56 57 31 61 37 50 25 9
abate 1 1 3
abia 7 1 21 1 22 1 26 1 32 1 34 1 41 1 66
abisele 1 1 11
absolut 1 1 111
abstract 1 2 118
abstrage 1 1 41
abundent 1 1 47
abur 4 1 23 1 31 1 35 1 93
ac 2 1 49 1 55
acasă 2 1 59 2 77
aceaia 1 1 71
acel 2 1 15 1 71
acela 14 1 13 1 22 1 25 1 29 1 48 1 52 1 53 1 84 1 98 1 109 1 112 2 111 3 43 4 131
același 2 1 90 2 39
acest 12 1 32 1 39 1 43 1 46 1 56 1 61 1 71 1 82 1 87 1 92 1 101 1 112
acesta 7 1 21 1 31 1 43 1 87 1 88 1 111 1 124
acolo 3 1 5 1 82 1 89
acoperi 2 1 17 1 41
acoperiș 1 1 0
acru 2 1 0 1 77
acum 11 1 22 1 40 1 54 1 55 1 57 1 58 1 61 1 125 1 130 2 27 2 46
acvilă 1 1 10
adecva 1 1 129
adevăr 2 1 103 2 84
adevăra 3 1 64 1 70 2 84
adolescent 1 1 44
adolescență 2 1 46 1 95
adormi 5 1 9 1 38 1 47 1 100 1 106
aduce 3 1 124 3 137 5 31
aduna 3 1 13 1 90 2 0
adversitate 1 1 132
adânc 3 1 11 1 32 1 70
adăuga 1 1 129
aer 14 1 8 1 10 1 19 1 21 1 26 1 35 1 66 1 78 1 102 2 28 2 81 2 103 3 41 3 101
afară 3 1 27 1 132 2 61
afla 3 1 61 1 85 1 106
agat 2 1 41 1 56
agăța 1 1 47
ah 8 1 61 1 66 1 90 1 115 3 78 3 96 4 34 4 46
ai 25 1 2 1 108 1 95 1 94 1 81 1 79 1 78 1 72 1 66 1 119 1 54 1 50 1 44 1 25 1 22 1 18 1 17 1 13 1 9 2 52 2 26 2 102 3 120 5 3 7 63
aici 4 1 22 1 39 1 53 1 61
aidoma 1 1 32
aievia 1 1 21
aiuri 1 1 78
ajunge 7 1 27 1 32 1 37 1 70 1 88 1 113 2 42
ajuta 3 1 75 2 88 4 93
al 80 1 47 1 31 1 111 1 109 1 107 1 39 1 100 1 98 1 42 1 43 1 94 1 33 1 93 1 88 1 83 1 54 1 57 1 0 1 63 1 71 1 70 1 125 1 128 1 15 1 127 1 130 1 17 1 30 1 19 1 20 1 124 1 133 1 5 1 28 1 4 2 126 2 81 2 135 2 92 2 123 2 114 2 113 2 112 2 62 2 10 2 12 2 53 2 52 2 34 2 50 2 44 2 36 3 67 3 14 3 16 3 18 3 21 3 119 3 110 3 38 3 41 3 68 3 84 3 87 4 89 4 80 4 24 4 40 4 115 4 29 4 51 4 97 5 26 5 2 6 96 7 78 8 27 9 117 9 22 15 61
alb 10 1 7 1 18 1 55 1 57 1 65 1 77 1 94 1 106 1 119 3 61
albastru 10 1 10 1 13 1 38 1 43 1 53 1 63 1 66 1 87 2 73 2 112
albitură 1 1 0
albăstrui 1 1 10
alcalin 1 1 117
alcătui 1 1 6
alega 7 1 72 1 77 1 79 1 111 1 132 2 84 4 103
alenă 2 1 6 1 18
alerga 7 1 16 1 20 1 61 1 76 1 91 1 120 2 31
algă 1 1 22
alifantis 1 1 135
alighieri 1 1 22
alt 12 1 2 1 24 1 61 1 65 1 94 1 112 1 116 1 135 1 137 1 138 2 42 3 88
altceva 3 1 14 1 89 1 104
altfel 8 1 61 1 64 1 65 1 75 1 84 1 88 1 130 2 92
altul 7 1 4 1 23 1 48 1 111 1 112 3 73 4 42
aluneca 3 1 18 1 41 7 42
alunga 2 1 43 2 119
alămiu 1 1 41
alătura 2 1 6 1 65
amestec 1 1 124
amesteca 2 1 14 1 74
amforă 2 1 20 1 123
amiază 2 1 16 1 29
amin 1 1 40
aminte 1 3 137
aminti 3 1 28 1 37 4 5
amintirele 1 1 46
amor 1 1 2
amurg 4 1 4 1 5 1 16 1 24
amândoi 1 1 10
an 6 1 16 1 27 1 32 1 62 1 75 2 61
ancet 1 1 81
anevoios 1 1 22
animal 1 1 81
aniversa 1 6 28
anotimp 3 1 16 1 23 1 32
antic 1 1 85
anume 2 1 29 2 68
anunț 1 1 22
apar 3 1 35 1 136 2 24
aparent 1 1 137
apleca 1 1 55
apoi 5 1 0 1 67 1 78 1 121 2 42
aprinde 1 1 9
aproape 9 1 14 1 18 1 22 1 23 1 29 1 32 1 33 2 20 2 21
apropia 3 1 17 2 84 3 28
apuca 1 1 81
apune 4 1 0 1 24 1 61 1 78
apă 15 1 5 1 12 1 18 1 23 1 32 1 55 1 66 1 70 1 74 1 102 1 110 1 117 1 122 2 11 2 61
apăra 1 1 43
apărea 1 1 117
apăsa 3 1 78 1 93 3 41
ar 18 1 4 1 133 1 27 1 28 1 30 1 36 1 50 1 120 1 65 1 71 1 88 2 9 2 126 2 111 2 84 3 22 4 64 8 34
ara 13 1 1 1 22 1 29 1 59 1 81 1 87 2 30 2 47 2 54 2 61 2 127 2 130 4 84
arabil 1 1 74
arbor 1 2 32
arbore 1 1 44
arc 1 1 9
arcadă 1 1 52
arcui 2 1 9 1 12
arcă 1 1 38
arde 4 1 10 1 55 1 81 2 33
argint 2 1 61 2 41
argintiu 1 1 21
arin 1 1 61
aripă 11 1 12 1 15 1 17 1 61 1 69 1 71 1 78 1 84 1 103 1 114 4 115
arlechin 1 1 13
arsură 1 1 66
arteră 1 1 75
artă 1 1 136
arunca 2 1 19 1 22
arămiu 1 1 18
arăta 4 1 27 1 58 1 62 1 135
as 15 1 9 1 15 1 24 1 70 1 80 2 0 2 7 2 19 2 22 2 25 2 50 2 100 2 130 3 38 3 129
asculta 1 1 12
ascunde 1 1 17
ascuți 2 1 17 1 24
asemenea 1 1 56
asemăna 2 1 22 1 32
aspirație 1 1 44
astfel 4 1 41 1 47 1 120 2 22
astragal 1 1 90
astru 1 1 63
astăzi 2 1 6 1 116
asupra 1 1 56
atent 1 1 82
aterizate 1 1 43
atinge 3 1 32 2 11 5 64
atuncea 1 1 0
atunci 8 1 14 1 17 1 47 1 84 1 92 1 107 1 117 1 130
atârna 6 1 41 1 62 1 71 1 77 1 81 3 61
atât 15 1 0 1 12 1 19 1 20 1 21 1 23 1 38 1 59 1 81 1 97 1 115 2 29 2 34 2 126 3 91
au 24 1 39 1 137 1 133 1 113 1 112 1 92 1 87 1 55 1 37 1 35 1 31 1 30 1 29 1 14 1 11 1 8 1 5 2 9 3 52 3 60 4 61 5 3 5 27 7 68
august 1 1 0
aur 2 1 61 7 78
aură 1 1 78
autobuz 1 1 34
auz 4 1 18 1 30 1 61 1 91
auzi 6 1 29 1 91 1 99 1 135 2 30 2 51
avea 56 1 82 1 50 1 56 1 61 1 66 1 0 1 75 1 79 1 80 1 72 1 87 1 89 1 110 1 111 1 113 1 117 1 130 1 132 1 2 1 21 1 9 1 10 1 37 1 32 1 18 1 17 1 29 2 19 2 91 2 92 2 97 2 12 2 112 2 124 2 126 2 31 2 53 3 7 3 27 3 78 3 98 3 100 3 129 3 67 3 83 3 114 3 52 4 38 4 40 4 125 4 119 4 48 5 123 5 51 5 22 6 71
avă 1 5 10
azi 7 1 18 1 24 1 36 1 59 1 60 1 63 1 70
azvârli 6 1 10 1 23 1 87 1 116 1 125 4 55
așa 16 1 5 1 8 1 19 1 22 1 25 1 42 1 63 1 88 1 101 1 130 1 133 1 139 2 38 2 67 2 84 4 27
așeza 4 1 13 1 41 1 71 4 27
aștepta 1 2 77
aține 1 1 12
ață 1 1 65
ba 1 2 58
balaur 1 1 115
ban 1 1 2
baracă 1 2 27
barbar 1 1 110
barieră 1 1 8
basm 1 1 70
bată 1 4 30
bazalt 1 2 14
bea 5 1 41 1 61 1 70 1 95 1 103
behăi 1 1 102
beizade 1 1 69
bel 1 1 3
benzină 1 1 41
beșteleală 1 1 133
bețiv 1 1 77
bicicletă 1 1 28
bidinea 1 1 2
bine 8 1 5 1 14 1 17 1 52 1 102 1 139 2 53 2 84
biserică 1 1 89
bistro 1 1 34
blană 1 2 0
blestema 1 1 2
bloc 2 1 30 1 41
blond 1 1 10
bluză 1 1 29
blândețe 2 1 5 1 61
boaltă 1 1 22
boală 1 1 2
bocanc 1 2 42
bol 1 1 77
bolnav 1 1 130
bolnăvi 1 1 2
bolovan 1 2 0
boltă 1 1 53
bot 4 1 61 1 78 2 35 2 84
braț 20 1 38 1 125 1 113 1 99 1 80 1 59 1 41 1 39 1 8 1 35 1 31 1 27 1 26 1 19 1 13 1 9 2 36 2 51 2 24 3 52
briză 1 1 16
brusc 2 1 11 1 111
bucată 4 1 30 1 43 1 46 1 111
bucura 3 1 22 1 77 1 92
bucurie 1 1 117
bucuros 1 1 130
bufni 1 1 46
bulbuca 1 1 6
bulgăr 2 1 73 2 55
bun 6 1 1 1 22 1 61 1 68 2 134 2 138
bunic 2 1 40 1 54
bunăoară 2 1 22 1 137
bunătate 1 1 88
burete 1 1 66
burtă 3 1 3 1 49 1 84
buzunar 1 1 89
buză 1 1 6
bât 17 1 51 1 106 1 94 1 89 1 88 1 86 1 71 1 57 1 2 1 43 1 38 1 37 1 27 1 22 1 10 3 61 6 30
bâțâi 1 1 89
bă 1 1 130
băga 1 1 5
bălărie 1 1 22
bănui 1 1 132
bărbat 4 1 22 1 44 1 58 2 77
bărbie 1 1 18
bărbătesc 1 1 24
bătaie 2 1 22 2 29
bătrân 2 1 44 2 61
bătrânețe 1 1 34
bătălie 1 1 75
băut 3 1 31 1 61 1 123
bășică 1 1 102
ca 47 1 42 1 139 1 136 1 129 1 118 1 115 1 112 1 88 1 87 1 81 1 71 1 47 1 46 1 0 1 40 1 33 1 31 1 11 1 14 1 18 1 26 1 24 1 21 2 8 2 12 2 109 2 106 2 80 2 77 2 57 2 36 2 38 2 41 3 20 3 16 3 114 4 110 4 32 4 120 4 30 4 22 5 27 5 84 6 23 6 61 8 51 8 34
cablu 2 1 24 1 41
cadavru 1 1 12
cadran 2 1 89 1 94
cadă 1 1 13
cal 7 1 9 1 56 1 90 2 31 2 70 2 98 3 10
cald 1 1 5
caldarim 1 1 6
caldarâm 1 1 28
cală 4 1 0 1 2 1 3 1 27
cam 2 1 1 1 6
candid 1 1 43
cană 1 2 31
cap 10 1 7 1 31 1 32 1 33 1 40 1 47 1 87 1 88 1 124 2 85
capră 2 1 90 1 102
capăt 4 1 24 1 34 1 87 1 132
car 51 1 9 1 83 1 80 1 73 1 66 1 101 1 60 1 56 1 104 1 113 1 41 1 40 1 39 1 38 1 37 1 32 1 30 1 124 1 132 1 133 1 26 1 24 1 134 1 14 1 19 1 18 2 88 2 136 2 92 2 93 2 94 2 5 2 102 2 123 2 84 2 22 2 23 2 52 2 71 2 78 2 87 3 61 3 119 3 31 3 130 4 65 4 54 4 29 4 27 5 28 9 45
caracter 1 1 93
carceră 1 1 10
carpați 1 1 61
cartier 1 2 24
cartă 1 3 41
carutii 1 1 116
cascadă 1 1 135
cască 1 1 31
cast 1 1 63
casă 1 1 53
cataramă 1 1 42
catedrală 2 1 57 6 88
catren 1 2 133
cauză 1 3 96
ce 48 1 44 1 82 1 80 1 88 1 69 1 68 1 67 1 58 1 111 1 50 1 48 1 47 1 42 1 37 1 34 1 117 1 30 1 123 1 124 1 7 1 132 1 133 1 9 2 3 2 114 2 86 2 135 2 89 2 91 2 137 2 70 2 52 2 20 2 38 3 83 3 66 3 100 3 107 3 32 4 5 4 14 4 119 4 61 5 112 6 29 6 23 6 22 7 78
cea 9 1 21 1 31 1 59 1 65 1 74 1 88 1 133 3 77 4 61
ceafă 3 1 62 1 77 1 86
ceară 2 1 58 3 27
ceas 4 1 13 1 36 1 71 1 89
cel 27 1 63 1 135 1 117 1 116 1 109 1 100 1 94 1 92 1 84 1 78 1 60 1 58 1 48 1 44 1 38 1 34 1 32 1 31 2 73 2 54 2 53 2 87 2 93 2 45 2 98 3 61 3 27
cela 6 1 22 1 29 1 58 1 88 2 89 2 137
celălalt 2 1 19 1 20
centru 1 1 33
centură 1 1 42
cenușiu 1 1 16
cer 13 1 4 1 15 1 22 1 32 1 43 1 47 1 56 1 109 1 117 1 122 2 23 2 88 3 112
cerc 1 1 18
cerca 1 1 61
cercel 1 1 61
cere 1 1 53
ceresc 3 1 60 1 62 2 76
cerește 2 1 61 1 112
cetate 1 1 58
cetățean 1 1 24
ceva 6 1 5 1 17 1 43 1 68 1 84 1 135
chef 2 1 38 1 67
chei 2 1 113 2 101
cheie 1 1 113
chema 1 1 99
chiar 6 1 36 1 61 1 81 2 27 2 40 2 123
chihlimbar 1 1 61
chihotind 1 1 88
chimeni 1 1 61
chiot 1 1 133
chioșc 1 1 41
chip 9 1 10 1 24 1 52 1 59 1 89 1 94 2 9 2 22 2 61
chiparos 1 1 95
chitară 1 2 52
ci 5 1 12 1 49 1 72 1 79 1 135
cifră 1 1 99
cinci 3 1 1 1 90 1 114
cinematograf 1 1 34
cineva 2 1 1 1 50
cină 11 1 15 1 31 1 38 1 48 1 65 1 70 1 86 1 106 1 108 1 112 2 47
ciob 1 1 13
ciocan 2 1 86 1 111
ciocârlie 1 1 18
ciocăni 1 1 50
ciopli 1 1 111
circonvolutiunilor 1 1 84
cireașă 2 1 94 1 95
cireș 1 1 96
ciripitor 1 1 88
cirpesc 1 1 65
citi 2 1 120 3 41
ciucur 1 1 1
ciudos 1 1 59
ciung 1 1 63
ciupercă 1 1 40
clar 1 3 60
clei 1 1 39
clepsidră 1 1 61
cleștar 1 1 61
clește 1 1 84
cling 1 1 36
clipită 1 2 22
clipă 3 1 22 1 52 1 88
clopot 2 1 71 2 88
clorofilă 1 1 49
clănțăni 1 2 27
clăti 1 1 12
clătina 2 1 10 1 31
coadă 3 1 38 2 80 3 0
coagula 1 1 36
coamă 2 1 10 1 23
coarnă 1 1 61
coastă 5 1 8 1 10 1 19 1 41 3 61
coasă 2 1 125 2 65
coborî 2 1 24 1 109
cocoară 1 1 6
cocoș 1 1 43
cocoța 1 1 0
codru 2 1 3 1 7
colan 1 1 0
colibri 1 1 47
colivie 2 1 47 2 61
colo 1 1 0
coloană 3 1 14 1 22 1 42
colora 2 1 23 2 13
colț 3 1 12 1 18 2 111
cometă 2 1 38 1 112
compune 1 1 134
comunica 1 1 22
concret 2 1 15 1 61
confesiune 1 1 130
confunda 1 1 7
conjura 1 1 84
conopidă 1 1 90
considera 1 1 137
construi 1 1 112
consuma 1 1 33
contempla 2 1 88 1 108
contemporan 1 1 129
continua 1 1 38
contur 1 1 9
copac 9 1 9 1 17 1 19 1 29 1 31 1 57 1 61 1 64 2 52
copia 1 1 116
copil 4 1 27 1 70 1 110 1 125
copilărie 6 1 5 1 12 1 19 1 22 1 46 1 59
cor 1 1 85
corabie 3 1 16 1 21 1 90
coridor 1 1 37
corn 1 1 64
coroană 1 2 114
corp 1 1 99
cort 2 1 0 1 9
corăbia 1 1 88
cot 1 1 20
crea 1 1 136
creangă 1 1 5
creastă 1 2 10
crede 8 1 3 1 48 1 84 1 95 1 137 2 128 3 102 4 129
creier 2 1 37 1 113
creirul 1 1 32
crenge 1 1 9
cresta 1 1 32
cresut 1 1 40
cretă 1 1 15
crezare 1 1 84
crește 2 1 17 1 54
creștet 2 1 6 1 13
creț 1 1 1
crist 1 1 2
cristaliza 1 1 11
crivăț 1 1 101
croncăni 1 1 88
cruce 2 1 38 1 106
crucifica 1 1 86
crud 1 1 3
crug 1 1 62
cu 87 1 108 1 48 1 55 1 60 1 64 1 71 1 72 1 77 1 79 1 82 1 86 1 88 1 92 1 93 1 103 1 66 1 110 1 112 1 113 1 114 1 117 1 118 1 122 1 125 1 128 1 129 1 132 1 134 1 135 1 2 1 5 1 7 1 8 1 10 1 38 1 18 2 23 2 43 2 87 2 21 2 20 2 99 2 100 2 19 2 106 2 109 2 15 2 13 2 12 2 115 2 116 2 11 2 119 2 124 2 133 2 57 2 59 2 51 2 31 2 50 2 70 3 34 3 9 3 35 3 68 3 46 3 101 3 78 3 90 4 6 4 17 4 3 4 65 4 26 4 52 4 84 5 42 5 85 5 39 5 74 5 22 6 111 6 27 7 41 9 0 10 61 11 32
cub 2 2 61 4 111
cucută 1 1 2
cuget 1 1 99
cuib 1 1 121
culca 3 1 6 1 47 2 5
culoar 4 1 14 1 29 1 30 1 32
cum 30 1 113 1 76 1 72 1 79 1 64 1 62 1 81 1 58 1 52 1 88 1 36 1 35 1 123 1 31 1 22 1 21 1 19 1 9 2 135 2 99 2 3 2 68 2 51 2 41 3 38 3 117 4 120 5 61 5 27 8 34
cumplit 1 1 48
cumpăra 1 3 80
cumva 1 1 50
cunoaște 1 1 39
cunoștință 2 1 89 3 124
cuprinde 1 1 22
curb 2 1 43 1 118
curcubeu 4 1 18 1 22 1 32 1 70
curge 7 1 4 1 15 1 16 1 31 1 61 1 65 2 95
curgător 1 1 96
curvă 1 1 3
cură 3 1 14 1 78 1 120
cutreiera 1 1 5
cutremur 1 1 29
cutremura 1 1 22
cuvantule 1 1 58
cuveni 1 1 92
cuvânt 23 1 14 1 122 1 118 1 115 1 89 1 80 1 66 1 65 1 64 1 63 1 61 1 60 1 58 1 41 1 39 1 29 1 26 1 22 1 17 1 5 2 81 2 126 3 20
cuțit 2 1 3 1 49
cvadrigă 1 1 116
câine 7 1 0 1 35 1 78 1 100 2 84 2 130 3 80
câmp 5 1 7 1 43 1 61 1 74 2 10
când 43 1 55 1 135 1 134 1 123 1 121 1 118 1 115 1 106 1 98 1 94 1 68 1 62 1 61 1 47 1 46 1 43 1 41 1 1 1 13 1 14 1 19 1 22 1 26 1 28 1 42 1 40 1 38 1 36 2 130 2 87 2 92 2 27 2 50 2 112 2 18 2 117 3 107 3 52 3 0 3 24 3 79 3 72 4 84
cândva 2 1 46 1 112
cânt 1 1 3
cânta 5 1 7 1 52 1 61 1 135 2 5
cântec 3 1 12 1 14 1 107
cântări 1 1 61
cântător 1 2 47
cârciumă 1 1 0
cârd 1 1 88
cârmă 1 1 21
cârn 8 1 3 1 42 1 86 1 88 1 106 1 109 1 117 5 61
cârpă 1 1 116
cât 15 1 0 1 6 1 12 1 20 1 22 1 35 1 38 1 56 1 75 1 88 2 61 2 113 2 115 3 87 4 90
câtva 2 1 26 1 112
câș 2 1 77 2 3
că 46 1 1 1 133 1 132 1 129 1 127 1 115 1 114 1 92 1 86 1 62 1 61 1 59 1 58 1 49 1 47 1 43 1 40 1 42 1 39 1 31 1 25 1 9 1 19 2 137 2 7 2 128 2 123 2 112 2 98 2 46 2 48 2 67 2 21 3 22 3 30 3 8 3 102 3 17 4 14 4 90 4 124 4 84 4 97 4 130 4 0 5 2
căci 4 1 53 1 65 1 72 1 79
cădea 11 1 11 1 20 1 23 1 26 1 41 1 46 1 61 1 77 1 95 1 113 1 135
căi 6 1 9 1 40 1 82 1 116 2 31 2 130
călare 2 1 70 1 98
călca 1 1 77
călcâi 3 1 12 1 45 1 124
căldură 1 1 84
călător 1 1 22
călătorie 1 1 39
căprui 3 1 9 1 23 3 0
căpătâi 1 1 59
căra 1 1 77
cărămidă 1 1 38
către 4 1 9 1 38 1 78 2 10
căuta 5 1 21 1 27 1 37 1 70 1 97
căzător 1 1 47
d 1 1 3
da 20 1 65 1 129 1 115 1 102 1 88 1 58 1 52 1 38 1 36 1 22 2 39 2 0 2 75 2 80 2 84 2 117 2 12 3 61 3 27 5 67
dac 18 1 85 1 133 1 113 1 108 1 100 1 97 1 95 1 12 1 84 1 79 1 72 1 67 1 53 1 50 1 25 2 86 2 66 3 129
dalb 1 1 65
daltă 2 1 14 1 111
dang 1 1 71
dans 1 1 21
dansa 1 1 15
dante 1 1 22
dantură 1 1 61
danț 1 1 0
dar 35 1 8 1 135 1 133 1 132 1 123 1 117 1 114 1 112 1 111 1 107 1 103 1 101 1 92 1 79 1 74 1 72 1 7 1 67 1 62 1 9 1 18 1 30 1 50 1 48 1 32 1 37 2 71 2 38 2 39 2 56 3 41 3 22 3 84 4 68 5 90
dară 2 1 3 1 7
dasi 1 1 3
dată 4 1 19 1 88 1 137 4 30
de 116 1 1 1 58 1 44 1 59 1 62 1 67 1 70 1 73 1 76 1 81 1 82 1 25 1 95 1 99 1 100 1 19 1 7 1 104 1 15 1 103 1 124 1 128 2 133 2 72 2 125 2 65 2 64 2 63 2 122 2 137 2 139 2 57 2 56 2 55 2 53 2 75 2 79 2 121 2 116 2 84 2 87 2 92 2 93 2 114 2 94 2 110 2 108 2 101 2 102 2 52 2 50 2 48 2 46 2 17 2 4 2 39 2 11 2 9 3 123 3 20 3 18 3 33 3 13 3 74 3 10 3 37 3 6 3 130 3 132 3 2 3 47 3 0 4 26 4 131 4 109 4 69 4 36 4 34 4 32 5 111 5 54 5 126 5 35 5 115 5 12 5 113 5 77 5 106 5 16 5 91 6 86 6 42 6 14 6 5 6 66 6 30 6 89 6 118 7 31 7 28 7 38 7 27 7 21 9 3 10 88 10 24 10 40 10 43 11 117 11 119 11 29 14 23 15 22 16 78 19 41 47 61
deal 1 1 32
deasupra 7 1 4 1 22 1 38 1 43 1 53 1 54 1 73
decapita 2 1 31 2 88
decebalus 1 1 61
decembrie 1 1 5
deci 2 1 28 1 58
declin 1 1 16
decolora 1 1 16
decât 12 1 8 1 27 1 55 1 64 1 78 1 97 1 104 1 113 2 14 2 84 3 34 3 138
decădea 1 2 61
dedesubt 1 1 61
defect 1 1 22
deflora 1 1 6
deget 6 1 27 1 50 1 51 1 77 1 93 3 84
delfin 1 1 122
deltă 3 1 14 1 88 1 125
demult 3 1 12 1 18 2 62
dens 1 1 58
deodată 8 1 18 1 20 1 35 1 36 1 57 1 59 2 52 3 98
departe 3 1 33 1 49 3 29
deplin 2 1 22 1 81
depărta 3 1 6 1 10 2 78
derbedeu 1 1 77
des 5 1 20 1 22 1 27 1 64 1 88
deschide 6 1 27 1 42 1 43 2 113 3 35 3 101
descifra 1 1 22
descoperi 1 1 22
desculț 1 1 3
descumpăni 1 1 67
desen 1 1 15
desfăca 1 1 22
desigur 2 1 90 2 117
desluși 1 1 9
despre 3 1 5 1 22 2 137
desprinde 1 1 41
despărți 4 1 14 1 23 1 88 1 118
destin 1 1 98
destinde 1 1 59
desăvârși 1 1 107
deveni 8 1 26 1 43 1 113 1 114 1 115 1 122 1 124 2 64
dezamăgi 1 1 92
dezarma 1 1 16
dezbina 1 1 117
dezbrăca 1 2 61
dezbăta 1 1 77
deznoda 1 1 0
deznădăjdui 1 1 88
dezobișnui 1 10 117
dezordonat 1 1 88
deșert 3 1 18 1 118 1 120
deșt 2 1 8 1 117
diamant 1 1 61
dicționar 1 1 67
diferență 2 1 22 1 88
diferi 3 1 14 1 133 1 137
dimineață 3 1 11 1 48 1 56
din 59 1 93 1 44 1 57 1 59 1 62 1 65 1 70 1 72 1 79 1 81 1 87 1 90 1 2 1 95 1 98 1 103 1 106 1 112 1 113 1 117 1 120 1 124 1 133 1 3 1 13 1 15 1 36 1 20 1 35 1 33 1 29 2 28 2 135 2 121 2 6 2 7 2 9 2 92 2 88 2 31 2 42 2 49 2 56 2 60 2 63 2 66 2 32 2 80 3 11 3 38 3 115 3 52 3 43 3 0 4 22 4 10 5 27 5 41 12 61
dinadins 2 1 11 1 12
dinapoia 1 1 22
dincolo 2 1 70 2 29
ding 1 1 71
dinlauntrul 1 1 14
dinte 8 1 3 1 28 1 34 1 51 1 53 1 62 1 100 2 46
dintotdeauna 1 1 52
dintre 5 1 19 1 21 1 50 1 77 4 22
dintru 13 1 19 1 22 1 39 1 52 1 61 1 66 1 85 1 88 1 95 1 110 1 135 2 26 2 80
dintâi 1 1 59
direct 1 1 61
dispera 2 1 34 1 112
distruge 1 1 58
divin 1 1 41
do 1 1 86
doamnă 12 1 48 1 63 1 64 1 65 1 69 1 72 1 74 1 75 1 79 1 82 1 113 2 61
doar 8 1 0 1 5 1 30 1 52 1 61 1 100 1 117 2 22
doi 22 1 56 1 102 1 98 1 97 1 90 1 81 1 57 1 47 1 24 1 130 1 22 1 21 1 20 1 18 2 61 2 126 2 121 2 136 2 23 2 14 3 74 4 10
doină 1 1 7
domn 2 1 0 1 69
domnesc 1 1 71
domnește 1 1 39
domnișoară 3 1 63 1 72 1 79
domnule 1 1 129
domol 1 1 73
dor 5 1 3 1 7 2 21 2 61 4 108
dori 2 1 38 2 0
dorință 1 1 28
doritor 1 1 43
dormi 13 1 11 1 21 1 32 1 37 1 40 1 42 1 59 1 61 1 70 1 86 2 69 2 82 2 112
dovadă 1 2 46
dovedi 2 1 40 2 60
drac 1 3 71
drag 4 1 5 1 7 1 52 1 77
dragoste 4 1 17 1 28 1 91 2 132
drept 4 1 31 1 41 1 47 1 114
dreptate 2 1 3 2 130
drum 4 1 3 1 77 1 116 5 67
dubla 1 1 46
duce 16 1 1 1 7 1 14 1 18 1 32 1 36 1 41 1 65 1 132 2 0 2 39 2 52 2 97 2 119 4 86 9 61
ducă 3 1 3 1 61 1 125
duh 1 1 61
duhoare 1 1 61
duioșie 1 1 91
dulce 9 1 21 1 35 1 61 1 62 1 65 1 66 1 99 2 6 2 126
dulceață 2 1 1 1 3
dumnezeu 1 2 89
dungă 3 1 11 1 41 2 0
după 10 1 25 1 52 1 53 1 116 1 130 2 22 2 23 2 29 2 34 2 111
dur 1 1 18
durea 6 1 22 1 42 1 70 1 100 1 108 1 113
dureros 1 1 14
dușman 1 1 75
dușmănie 1 1 49
dânsul 2 1 117 2 77
dărui 1 1 71
dărâma 1 1 28
echilibru 1 2 87
ecou 1 1 77
eheu 1 1 71
ei 19 1 47 1 127 1 110 1 103 1 98 1 50 1 2 1 46 1 44 1 34 1 22 1 13 1 9 1 6 2 62 2 68 2 77 4 27 5 52
el 114 1 136 1 56 1 73 1 50 1 49 1 48 1 46 1 85 1 89 1 94 1 97 1 36 1 34 1 99 1 104 1 114 1 124 1 132 1 122 2 133 2 39 2 40 2 130 2 8 2 83 2 118 2 82 2 6 2 3 2 79 2 135 2 72 2 58 2 127 2 33 2 107 2 25 2 115 2 20 2 121 3 112 3 67 3 119 3 64 3 68 3 70 3 113 3 134 3 129 3 111 3 109 3 123 3 98 3 96 3 60 3 26 3 4 3 55 3 9 3 37 3 14 4 43 4 108 4 106 4 102 4 101 4 19 4 87 4 13 4 2 4 65 4 125 4 54 4 53 5 80 5 24 5 110 5 62 5 21 5 69 5 88 5 16 5 45 5 15 5 81 6 38 6 11 6 31 6 117 6 103 7 18 7 17 7 1 7 23 7 29 7 90 7 42 7 47 7 59 8 27 8 30 8 0 8 10 9 78 9 12 9 52 10 7 12 71 14 41 15 61 16 77 16 51 18 22 39 84
electric 2 1 52 1 136
elf 1 1 94
eminescu 1 1 10
epocă 1 3 127
eră 10 1 2 1 5 1 48 1 78 1 83 1 115 2 73 2 109 2 130 4 110
etcaetera 1 1 129
etern 2 1 52 1 94
eu 106 1 2 1 58 1 60 1 56 1 63 1 64 1 66 1 49 1 46 1 76 1 35 1 32 1 31 1 84 1 104 1 135 1 133 2 115 2 72 2 125 2 70 2 124 2 43 2 123 2 77 2 79 2 80 2 81 2 128 2 122 2 8 2 112 2 28 2 89 2 25 2 94 2 23 2 109 3 65 3 132 3 71 3 73 3 83 3 114 3 86 3 97 3 99 3 102 3 57 3 24 3 39 3 48 3 52 3 6 4 119 4 19 4 30 4 108 4 18 4 17 4 75 4 55 4 50 4 14 4 54 4 129 4 131 5 137 5 95 5 98 5 7 5 101 5 113 5 16 5 10 5 91 5 90 5 27 5 36 5 78 5 40 6 53 6 130 6 68 6 20 6 11 7 62 7 9 7 12 7 106 7 21 8 88 8 67 8 92 9 38 9 42 9 51 9 5 10 29 11 15 12 41 12 0 13 117 17 93 20 61 22 22
eufrat 1 1 22
exact 2 1 36 1 136
exista 9 1 8 1 29 1 48 1 74 1 89 1 136 2 22 2 107 2 128
existent 2 1 129 2 34
expansiune 1 1 22
face 22 1 47 1 124 1 103 1 102 1 61 1 53 1 49 1 44 1 22 1 18 1 14 1 13 1 3 1 2 2 24 2 0 2 77 3 40 3 82 3 84 3 10 12 90
faianță 2 1 72 1 79
falcă 1 1 38
fals 1 1 129
fantazie 1 1 22
fantom 2 1 16 1 31
fată 5 1 0 1 6 1 26 1 27 2 85
februarie 2 1 4 1 6
febră 1 1 81
fel 10 1 41 1 48 1 84 1 95 1 112 1 117 1 135 2 26 2 61 2 86
felin 2 1 47 1 52
femeie 3 1 12 1 52 2 23
fereastră 3 1 15 1 27 1 41
feri 1 3 84
feric 4 1 44 1 45 1 130 2 14
fericita 1 1 10
ferigă 1 1 22
fertilitate 1 2 22
feșnic 1 1 101
fi 113 1 102 1 57 1 30 1 31 1 56 1 73 1 35 1 106 1 37 1 104 1 28 1 99 1 42 1 43 1 44 1 95 1 92 1 77 1 79 1 50 1 115 1 66 1 5 1 6 1 70 1 134 1 9 1 11 1 13 1 132 1 129 1 127 1 126 1 20 1 125 1 72 1 59 1 58 2 75 2 65 2 2 2 78 2 81 2 98 2 107 2 109 2 113 2 116 2 120 2 123 2 135 2 136 2 138 2 62 2 40 2 64 2 41 2 16 2 47 2 46 2 19 2 29 2 49 3 85 3 80 3 32 3 87 3 34 3 36 3 130 3 15 3 7 3 111 3 48 3 112 3 54 3 74 3 55 3 3 3 114 3 137 3 67 4 39 4 88 4 24 4 97 4 91 4 133 4 86 4 76 4 71 5 101 5 23 5 82 5 53 5 63 6 0 6 100 6 60 7 108 7 21 7 14 8 45 8 68 9 117 9 103 9 8 10 84 11 27 12 22 12 38 14 89 14 61
fiecare 7 1 0 1 22 1 61 1 88 1 137 2 30 3 47
fiece 1 1 22
fier 4 1 24 1 86 1 113 2 27
fierbinte 2 1 14 2 33
fierăstrău 1 1 31
fieșcare 1 1 3
fiindcă 2 1 22 1 48
ființă 1 1 14
fildeș 2 1 21 1 135
filă 1 1 61
fioros 1 1 62
fir 3 1 16 1 22 1 23
fix 2 1 81 1 112
flacără 2 1 27 2 33
flamandule 1 1 95
flamă 1 1 55
floare 6 1 6 1 70 1 103 1 119 2 118 2 126
fluier 1 2 61
flutur 3 1 78 1 95 2 116
flutura 3 1 28 1 41 1 69
fluviu 3 1 14 1 88 1 125
flămând 4 1 49 1 84 1 87 1 102
foame 5 1 33 1 40 1 76 1 117 2 3
foarte 9 1 66 1 76 1 82 1 129 1 133 1 134 2 14 2 62 3 100
foc 4 1 58 1 72 1 79 3 55
forfoti 1 1 78
forfotă 1 1 52
formulă 1 1 129
fotografia 2 1 22 1 27
foșni 2 1 32 1 35
fraged 1 1 23
franghiuei 1 1 61
frate 1 1 50
frig 4 1 55 1 68 2 72 2 79
frumos 14 1 15 1 43 1 45 1 54 1 77 1 92 1 95 1 117 1 133 2 38 2 62 2 75 2 110 6 88
frumusețe 1 1 91
frunte 6 1 11 1 12 1 55 1 114 1 117 2 27
frunzise 1 1 10
frunză 16 1 16 1 17 1 23 1 26 1 31 1 37 1 40 1 56 1 61 1 69 2 7 2 28 2 32 2 35 2 49 2 51
frânghie 3 1 0 1 28 1 42
fugitiv 1 1 88
fugă 3 1 31 1 37 1 56
fuior 1 1 122
fulg 2 1 117 1 119
fulger 2 1 61 4 136
fulgera 1 1 121
fulgerător 1 1 121
fum 4 1 23 1 41 2 55 2 58
fumega 2 1 10 1 120
fundal 1 1 63
fundament 1 1 136
furnică 1 1 84
furtună 1 1 88
fâlfâi 1 1 78
fântână 1 1 31
fâșie 1 2 42
fâță 9 1 0 1 10 1 29 1 42 1 59 1 61 1 93 1 112 3 18
fă 1 1 88
făptură 3 1 3 1 62 1 66
fărâmă 1 1 111
fără 17 1 70 1 136 1 115 1 106 1 102 1 89 1 10 1 65 1 61 1 56 1 46 1 26 1 23 2 112 2 21 3 90 4 78
făt 1 1 117
galben 4 1 13 1 21 1 26 1 70
galbenule 1 1 48
galic 1 1 43
galopa 1 1 98
geam 1 2 13
geamăn 1 1 32
geană 2 1 6 1 9
gelos 1 1 11
gemă 1 4 119
genere 3 1 114 1 127 1 136
generos 1 1 35
genunche 4 1 20 1 27 1 122 4 29
ger 1 1 23
gheară 4 1 109 1 122 2 0 3 88
gheată 1 1 55
ghici 1 1 73
ghimp 1 1 61
gingaș 2 1 23 1 96
glas 1 2 5
gleznă 1 1 12
glie 1 1 75
glob 3 1 97 2 15 4 43
glonț 1 1 114
glorios 1 1 57
goană 3 1 9 1 10 1 34
gol 5 1 19 1 22 1 27 1 32 2 73
golan 1 1 2
goni 2 1 0 1 23
gospodină 1 2 0
grabnic 1 1 124
grav 1 2 10
gravid 1 1 37
grația 1 2 47
grea 2 2 41 2 52
grec 1 1 135
greoi 1 1 115
greu 3 1 22 1 76 2 117
greutate 1 1 110
greși 2 1 77 1 92
grije 1 1 82
grijă 1 1 13
groaznic 1 1 84
gros 2 1 22 1 47
grozav 1 1 12
grâu 1 1 61
grăpiș 1 1 0
gură 11 1 3 1 21 1 34 1 37 1 38 1 39 1 62 1 65 1 95 1 99 3 111
gust 1 1 89
gutui 2 1 9 1 61
gând 14 1 12 1 22 1 24 1 54 1 56 1 59 1 71 1 78 1 89 1 108 1 110 1 120 2 41 3 43
gândi 7 1 1 1 36 1 48 1 77 2 118 2 121 2 126
gât 3 1 31 2 88 3 119
gâtlej 1 1 37
găleată 1 1 31
găsi 1 1 27
găta 1 1 56
hai 3 1 4 2 0 3 36
haide 2 1 102 3 113
haiduc 1 1 3
hain 2 1 38 1 61
har 1 1 61
hartă 1 1 57
hei 3 1 0 1 6 1 77
hera 1 1 21
herghelie 2 1 23 1 61
hidră 2 1 61 1 99
hieroglifă 1 1 22
hoinar 1 1 0
homer 1 1 111
hotar 1 1 6
hotărî 1 2 68
hrană 1 1 61
hrăni 2 1 33 1 87
hui 1 1 0
hârță 2 1 22 1 26
hămesi 1 1 3
ia 2 2 111 2 124
ianuarie 3 1 2 1 3 1 7
iar 11 1 12 1 13 1 20 1 47 1 73 1 76 1 87 1 112 1 117 1 126 4 0
iarbă 12 1 20 1 23 1 49 1 66 1 71 1 78 1 95 1 99 2 22 2 131 3 39 3 126
iarnă 2 1 3 1 63
iară 1 1 6
iarăși 1 1 0
iată 4 1 55 1 60 1 105 2 21
icoană 1 1 3
idee 5 1 22 1 32 1 38 1 110 1 118
idiot 1 1 86
ie 1 1 24
ied 1 1 117
iepure 1 1 90
ieri 3 1 2 1 61 1 120
ierta 1 4 93
ieși 4 1 0 1 6 1 111 2 61
ignora 1 2 34
iie 1 1 61
ilumina 1 1 16
imagine 1 1 19
imagină 3 1 22 1 26 1 28
imediat 1 1 84
imita 1 1 27
impar 1 1 61
impuls 1 1 136
in 1 1 107
inapt 1 1 76
incapabil 1 1 76
incest 1 1 63
indiferent 2 1 19 1 113
inegresc 1 1 57
inel 3 1 29 1 61 1 122
infantă 1 1 111
infasuat 1 1 99
infern 2 1 22 1 106
infernal 1 2 15
infinit 2 1 61 2 74
infrint 1 1 41
inimă 20 1 17 1 22 1 23 1 27 1 12 1 29 1 33 1 47 1 57 1 115 1 103 1 96 1 89 1 90 1 93 2 121 2 80 3 61 4 28 5 85
inorog 2 1 90 1 94
insatat 1 1 94
insetatule 1 1 95
insolație 1 1 116
inspirație 1 1 136
instabil 2 1 40 1 87
insulă 1 1 22
intarzai 1 1 67
intoasra 1 1 109
intra 1 1 20
inutil 1 1 112
inventa 1 1 95
invers 1 2 32
inverzia 1 1 126
invizibil 1 1 93
iris 1 1 66
isca 2 1 11 1 40
istovitor 1 1 6
iubi 19 1 5 1 129 1 102 1 101 1 97 1 91 1 81 1 71 1 56 1 52 1 22 1 20 1 18 1 8 1 0 2 39 2 21 2 15 6 23
iută 2 1 19 1 134
iv 1 1 61
ivi 1 1 6
iz 1 1 6
izbavă 1 1 3
izbi 11 1 10 1 14 1 21 1 28 1 40 1 41 1 99 1 114 1 126 2 24 3 115
izbucni 1 1 10
izvor 2 1 61 1 131
izvorî 1 1 131
iț 6 1 15 1 26 1 29 1 65 1 78 1 137
jegos 1 1 0
jertfi 1 1 129
jigodie 1 1 78
jos 8 1 14 1 32 1 61 1 88 1 109 1 126 2 116 4 54
juca 1 1 5
jumătate 1 1 13
jupiter 1 1 21
jur 5 1 9 1 18 1 22 1 61 3 23
la 47 1 130 1 53 1 50 1 49 1 40 1 78 1 37 1 36 1 31 1 28 1 27 1 100 1 107 1 110 1 17 1 113 1 8 1 7 1 124 1 2 2 87 2 85 2 117 2 73 2 60 2 132 2 58 2 41 2 38 2 34 2 13 2 22 2 16 3 54 3 1 3 67 3 77 3 88 3 90 3 20 3 18 3 116 4 0 4 47 5 24 5 3 11 61
labă 1 1 20
lacrimă 7 1 46 1 53 1 61 1 110 1 116 3 45 4 84
lactee 1 1 61
lacăt 1 1 113
lamă 1 1 118
lan 1 1 61
lance 2 1 24 1 116
lanț 1 1 113
laolaltă 1 1 61
lapte 3 1 2 1 61 1 115
lapți 1 1 61
larg 2 1 18 1 43
lasciv 1 1 77
lat 2 1 32 1 38
laș 5 1 37 1 38 1 42 1 55 1 61
leană 1 1 2
lebădă 1 3 119
lega 6 1 38 1 53 1 58 1 61 1 112 2 89
legendă 1 1 60
legăna 1 2 3
legătură 1 1 41
lehuză 1 1 35
lemn 3 1 9 1 27 1 29
lemnos 1 1 43
lene 1 1 26
leneș 3 1 43 1 112 1 135
lent 1 1 118
leoaică 1 3 18
lepăda 1 1 100
leu 4 1 9 1 20 1 118 2 22
liber 2 1 31 1 67
libertate 1 1 53
licean 1 1 28
lichea 2 1 2 1 77
limbă 5 1 39 1 67 1 71 1 88 1 110
lin 1 1 11
linia 1 3 134
liniște 3 1 107 2 41 2 88
lipasita 1 1 22
lipi 4 1 13 1 31 1 39 1 43
lipsi 2 1 8 1 31
lipsă 1 1 77
literar 1 1 129
literă 4 1 22 1 28 1 58 1 81
liturghie 1 1 0
lob 1 1 43
loc 13 1 0 1 13 1 23 1 35 1 40 1 47 1 53 1 57 1 58 1 73 1 76 2 31 3 8
locui 3 1 61 1 64 1 86
logodi 2 1 72 1 79
lopată 1 1 40
lorelei 1 1 15
lotru 1 2 7
lovi 6 1 6 1 13 1 14 1 19 1 99 2 28
lua 7 1 3 1 17 1 21 1 73 1 89 1 117 2 22
luci 2 1 53 3 27
lucinda 1 1 66
lucru 13 1 10 1 38 1 46 1 89 1 93 1 128 1 130 1 137 2 21 2 24 2 108 2 132 4 84
lume 10 1 10 1 14 1 39 1 62 1 106 1 112 2 15 2 22 2 34 2 61
luminos 3 1 34 1 62 1 112
lumină 14 1 8 1 10 1 11 1 22 1 26 1 33 1 43 1 61 1 105 1 107 1 121 1 123 2 62 3 109
lumânare 1 1 33
lung 16 1 2 1 11 1 14 1 22 1 24 1 26 1 27 1 38 1 41 1 55 1 59 1 65 1 77 1 88 1 116 2 0
lună 16 1 1 1 12 1 17 1 21 1 23 1 28 1 55 1 57 1 64 1 82 2 0 2 9 2 15 2 24 3 27 4 61
lup 4 1 3 1 65 3 117 4 119
luptă 1 1 14
lupule 1 1 119
lustrui 2 1 52 1 111
lut 3 1 6 1 10 1 123
lycurg 1 1 58
lângă 5 1 4 1 18 1 38 1 119 2 5
lăsa 23 1 8 1 130 1 119 1 103 1 95 1 88 1 81 1 71 1 65 1 52 1 50 1 47 1 41 1 22 1 20 1 19 1 15 1 13 1 6 2 61 2 98 2 132 5 16
lătra 2 1 35 1 100
lătrător 1 2 80
lăuda 1 1 84
lăuntru 1 2 118
lăți 1 1 12
m 19 1 13 1 117 1 114 1 100 1 67 1 62 1 56 1 42 1 21 1 18 2 48 2 41 2 38 2 80 2 115 2 0 2 119 2 130 3 85
macara 1 1 24
magnetic 1 1 22
mahala 1 1 0
mai 54 1 4 1 3 1 50 1 49 1 44 1 58 1 42 1 40 1 70 1 72 1 79 1 87 1 88 1 21 1 92 1 111 1 133 1 135 2 78 2 77 2 108 2 65 2 61 2 117 2 129 2 132 2 55 2 53 2 48 2 12 2 17 2 20 2 22 2 26 2 27 2 30 2 33 2 54 2 34 2 38 2 43 3 138 3 41 3 94 3 14 3 15 4 18 4 112 4 75 4 103 4 29 5 5 6 16 11 84
mal 2 1 61 1 99
mamă 1 2 115
mansardă 1 2 15
maramureș 1 1 133
mare 18 1 8 1 11 1 16 1 3 1 22 1 28 1 29 1 31 1 113 1 110 1 68 2 135 2 121 2 85 2 41 2 33 2 17 3 61
maree 1 1 10
margine 4 1 20 1 42 1 75 2 26
marin 2 1 16 2 123
martor 3 1 46 1 85 1 95
martă 1 2 15
mască 1 1 8
mat 2 1 0 1 2
matcă 1 1 36
materie 1 1 20
mașină 2 1 34 1 57
mediteran 1 1 135
mei 3 1 10 1 96 2 109
melancolic 1 1 23
melancolie 1 1 29
melc 2 1 64 1 66
melodic 1 3 134
melodie 1 3 52
melodios 1 2 11
memorie 2 1 134 2 27
mercur 2 1 22 1 40
mereu 10 1 13 1 22 1 24 1 26 1 35 2 14 2 23 2 32 2 33 2 61
merge 10 1 8 1 21 1 29 1 53 1 65 1 68 1 72 1 79 1 82 1 116
merita 1 1 84
mesaj 1 1 129
mesteacăn 1 1 124
metal 2 1 24 1 118
metalic 1 1 43
meteor 1 1 63
meteorit 1 1 112
metro 1 1 34
meu 50 1 7 1 88 1 89 1 77 1 74 1 70 1 90 1 65 1 63 1 56 1 55 1 54 1 51 1 97 1 106 1 127 1 30 1 124 1 29 1 113 1 23 1 35 1 123 1 116 1 18 1 117 2 95 2 8 2 115 2 96 2 109 2 98 2 80 2 21 2 28 2 33 2 40 2 41 2 46 2 61 2 66 2 86 3 52 3 16 3 12 3 129 4 22 4 122 4 14 5 10
mic 1 1 85
miere 1 1 61
miez 4 1 42 1 52 1 107 3 30
mijloc 1 1 27
miliard 1 1 87
milos 1 1 125
milă 2 1 49 1 124
mincinos 1 1 84
mineră 1 2 27
minge 1 1 6
mintă 5 1 30 1 90 1 113 2 3 2 92
minuna 5 1 14 1 21 1 61 1 87 2 33
minune 2 1 14 1 97
minut 2 1 16 1 19
mir 1 1 22
miraj 2 1 88 1 94
mireasmă 1 1 23
miros 4 1 84 1 89 1 102 3 61
mirosi 3 1 27 1 103 1 110
miră 3 1 7 1 14 1 64
misterios 1 2 28
mistui 1 1 69
mișca 7 1 18 1 22 1 26 1 29 1 43 1 77 2 27
mișcător 1 1 29
moare 1 1 135
moarte 19 1 19 1 117 1 114 1 88 1 71 1 67 1 65 1 63 1 57 1 56 1 49 1 34 1 27 1 26 1 12 2 61 2 85 2 22 3 73
moară 4 1 78 1 88 1 125 2 97
moaște 1 1 40
mocirlă 2 1 6 1 78
mod 1 2 126
modestie 1 1 129
modru 1 1 7
mohor 1 1 61
moină 1 1 7
moment 1 1 136
monedă 1 1 61
monstruos 1 1 81
mor 5 1 0 1 6 1 28 1 56 2 130
morișcă 1 1 12
mormânt 1 1 115
mort 6 1 65 1 71 1 100 1 110 1 120 2 0
motan 1 4 0
mov 1 1 26
muchie 1 1 10
muget 1 1 99
muia 1 1 58
mulge 1 1 102
mult 15 1 20 1 40 1 44 1 66 1 82 1 116 1 129 1 135 2 14 2 26 2 41 2 84 4 92 4 94 4 106
mulțime 1 1 61
mulțumi 1 1 92
muncă 1 1 44
munte 5 1 57 1 88 1 90 1 120 2 131
mur 8 1 5 1 68 1 70 1 73 1 106 1 116 3 40 3 60
murdar 2 1 36 1 74
murmura 1 1 73
muscă 1 1 61
musteață 1 2 0
mut 2 1 26 1 71
mușca 2 1 18 1 94
mușcător 1 1 46
mâine 2 1 58 1 61
mânca 8 1 61 1 68 1 69 1 76 1 87 1 103 1 108 1 116
mândrie 1 1 60
mândru 2 1 7 1 41
mânea 4 1 1 1 21 1 31 1 53
mânecă 1 1 28
mânji 2 1 23 1 46
mână 25 1 41 1 64 1 62 1 56 1 55 1 52 1 9 1 72 1 77 1 40 1 79 1 32 1 27 1 22 1 89 2 51 2 88 2 123 2 45 2 42 2 33 2 21 2 18 2 12 6 84
mârâi 1 5 119
măcar 2 1 22 1 92
măna 1 1 9
mănunchi 1 1 12
măr 2 1 51 1 86
mărfar 1 1 86
mărgean 1 1 36
mărie 1 1 35
mărturie 1 1 65
mărturisi 2 1 48 1 114
mărășești 1 1 60
măsură 1 1 38
mătasă 1 1 41
nadă 1 1 61
nară 2 1 78 1 102
nas 1 2 84
natal 1 1 99
natură 1 1 18
naște 9 1 37 1 91 1 97 1 102 1 112 1 114 2 40 2 92 4 29
ncetind 1 1 27
neanjugat 1 1 61
neanseuat 1 1 61
neantregi 1 1 40
neanvinsa 1 1 49
neasemuit 1 1 14
neavand 1 1 38
neașteptat 1 1 27
nebunesc 1 1 15
nechezind 1 1 31
necontenit 1 1 41
necopt 1 1 3
necunoscut 2 1 24 1 130
nedeschisa 1 1 101
nedespicat 1 1 30
neferici 1 1 91
neființă 1 2 46
negru 9 1 16 1 22 1 62 1 77 1 93 1 96 1 106 2 61 3 41
neinventat 1 1 45
neinventatilor 1 1 46
neliniște 1 1 15
neluminat 1 1 32
nemaipomenit 2 1 130 2 22
nemaivrand 1 1 61
nemișcare 1 1 81
nemișcat 1 1 27
nemuri 1 1 68
nenoroci 1 1 125
neobișnuit 1 2 11
neoglindito 1 1 66
nepotcovit 1 1 61
neprivit 1 1 47
nepăsător 1 1 24
nepătat 1 1 55
nerepetate 1 1 19
nerv 1 1 38
nesfârșire 1 1 14
nesfârșit 1 1 22
nesigur 1 1 56
nespus 1 1 43
nestabil 1 1 91
nesătul 1 1 87
neud 1 1 61
neuitat 2 1 22 1 23
nevoi 1 1 91
nevoie 2 1 53 1 87
nevăzut 3 1 15 1 33 1 61
neînarmat 1 1 58
nești 2 1 49 1 61
neștire 4 1 7 1 18 1 73 1 76
ni 1 1 92
nichita 1 1 4
nici 15 1 3 1 29 1 39 1 74 1 84 1 88 2 4 2 22 2 43 2 48 2 61 2 85 3 5 4 64 4 92
niciodată 10 1 14 1 15 1 22 1 29 1 30 1 77 1 88 1 92 1 123 3 84
nicviodata 1 1 24
nime 1 1 53
nimeni 9 1 30 1 34 1 53 1 61 1 72 1 79 1 92 3 95 3 96
nimic 9 1 15 1 22 1 48 1 53 1 64 1 72 1 79 1 89 1 114
nimica 3 1 32 1 36 1 65
ninge 4 1 7 1 12 1 94 2 55
ninsoare 1 3 119
nisip 4 1 10 1 16 1 52 1 61
niște 8 1 8 1 14 1 21 1 22 1 31 1 34 1 132 2 109
noapte 11 1 0 1 5 1 6 1 12 1 13 1 14 1 48 1 81 1 107 2 7 2 61
nobil 1 1 65
nod 1 1 61
noduros 1 1 51
nor 14 1 15 1 17 1 26 1 32 1 54 1 66 1 69 1 75 1 88 1 90 1 94 2 42 2 61 2 101
nord 1 1 61
noroc 2 2 47 2 97
noroi 2 1 68 4 74
nostrii 1 1 60
nostru 15 1 11 1 15 1 19 1 39 1 43 1 54 1 60 1 68 1 89 1 92 2 53 2 61 2 73 2 91 5 132
nou 5 1 41 1 61 1 72 1 79 1 93
nour 1 1 23
npunga 1 1 61
ntrors 1 1 38
nu 70 1 86 1 47 1 48 1 49 1 58 1 62 1 65 1 0 1 70 1 75 1 77 1 82 1 67 1 102 1 104 1 110 1 113 1 124 1 127 1 128 1 135 1 136 1 138 1 45 1 26 1 28 1 24 1 18 1 14 1 34 1 36 1 38 1 4 1 42 1 43 2 129 2 12 2 130 2 117 2 15 2 3 2 25 2 46 2 32 2 53 2 30 3 79 3 89 3 95 3 114 3 101 3 72 3 55 3 74 3 107 4 8 4 64 4 108 4 29 4 97 4 88 4 80 5 61 5 5 5 39 5 90 6 22 7 103 10 92 10 84
numai 23 1 65 1 113 1 110 1 100 1 97 1 92 1 90 1 117 1 77 1 7 1 62 1 61 1 54 1 47 1 46 1 42 1 36 1 139 2 69 2 133 2 84 2 39 2 20
nume 2 1 19 1 29
numestre 1 1 74
numi 3 1 53 1 73 1 78
număr 3 1 22 1 28 1 116
număra 1 1 111
numărabil 1 1 74
numărătoare 1 3 74
nuntă 1 1 117
nustiucuiului 1 1 61
nărui 1 1 10
născând 2 1 61 1 117
născător 1 1 74
năuc 2 1 0 1 7
oaie 2 1 117 5 23
oarecare 1 1 54
oară 8 1 5 1 6 1 22 1 61 1 66 1 102 1 111 2 90
obială 1 1 27
obicei 1 1 112
obligă 1 1 84
obosi 3 1 0 1 4 4 82
obositor 1 1 102
ocean 1 1 22
ochean 1 1 22
ochi 36 1 46 1 123 1 118 1 111 1 96 1 93 1 92 1 91 1 66 1 63 1 57 1 50 1 42 1 40 1 2 1 3 1 4 1 31 1 26 1 23 1 17 1 11 1 38 1 12 1 16 2 84 2 115 2 109 2 88 2 71 2 33 3 9 3 61 6 0 6 45 6 35
octombrie 1 1 1
ocupa 1 1 73
odaie 3 1 1 1 41 2 15
odată 2 1 134 2 113
odihnă 1 1 59
odinioară 1 1 88
ofticos 1 1 6
oh 3 1 13 1 19 2 39
oho 2 1 16 1 61
olac 1 1 22
om 15 1 15 1 22 1 24 1 38 1 49 1 51 1 61 1 83 1 100 1 117 1 130 2 47 2 85 2 137 4 87
ombilic 1 1 65
omenesc 1 1 22
omoplat 1 1 27
omor 1 1 117
ondula 1 1 109
opri 3 1 22 1 70 1 81
opt 2 2 44 2 90
or 1 1 17
oraș 4 1 26 1 57 3 24 3 88
orb 8 1 50 1 63 1 72 1 79 1 99 1 115 2 35 2 107
ordin 1 1 67
oricare 1 1 88
orice 1 1 47
oricine 1 1 53
oricum 1 1 8
orizont 7 1 6 1 10 1 12 1 24 1 29 1 114 1 118
orizontal 1 1 43
oră 12 1 0 1 19 1 20 1 23 1 26 1 47 1 56 1 71 1 75 2 36 2 37 2 44
os 13 1 0 1 14 1 49 1 52 1 54 1 67 1 75 1 87 1 100 2 35 2 38 2 117 4 61
osos 1 1 54
ospăta 1 2 52
ospăț 1 1 110
otrăvitor 1 1 61
ou 4 1 40 1 83 1 90 2 121
oval 4 1 15 1 22 1 24 1 26
pace 2 1 22 1 50
pahar 3 1 31 1 41 1 61
paisprezece 1 1 77
pajură 1 2 85
paleativ 1 1 65
palid 3 1 43 1 58 1 120
palmă 3 1 5 1 86 1 106
pamantule 1 2 61
pană 3 1 15 1 43 1 115
papirus 1 1 22
par 3 1 24 1 32 1 90
paradis 1 1 26
parapet 1 1 34
parcă 4 1 4 1 24 1 126 1 135
parfum 1 1 29
parfuma 1 1 40
part 6 1 26 1 42 1 57 1 61 1 88 2 112
pas 2 1 3 1 22
pască 1 1 117
pastă 1 1 61
pasăre 14 1 4 1 43 1 71 1 83 1 84 1 95 1 96 1 100 1 101 1 102 1 103 2 88 3 47 3 69
pat 5 1 2 1 22 1 38 1 49 1 77
patemă 1 2 132
patimă 3 1 41 1 53 1 61
patru 5 1 90 1 98 1 114 1 116 2 133
pată 1 1 104
pauză 1 2 121
pavilion 1 1 37
paște 1 1 49
pe 73 1 26 1 63 1 65 1 67 1 57 1 69 1 48 1 73 1 39 1 75 1 80 1 32 1 86 1 28 1 89 1 24 1 137 1 99 1 132 1 103 1 18 1 118 1 4 1 14 1 117 1 12 1 97 1 11 1 107 1 7 2 77 2 70 2 71 2 114 2 85 2 106 2 88 2 59 2 93 2 1 2 21 2 20 2 19 2 29 2 31 2 33 2 15 2 37 2 2 2 52 2 54 3 9 3 6 3 3 3 102 3 134 3 95 3 94 3 34 3 41 3 42 4 62 4 98 4 27 4 10 4 109 4 116 4 38 5 119 5 0 7 22 7 61 9 84
pelin 1 1 17
pentru 17 1 26 1 113 1 88 1 40 1 47 1 48 1 61 1 62 1 76 1 77 2 22 2 129 2 39 2 27 3 8 4 91 4 131
per 1 1 61
perde 1 1 33
perdea 1 1 1
pereche 2 1 39 1 56
perete 3 1 15 1 37 1 89
perfect 2 1 22 2 111
perlă 1 1 81
pernă 1 1 22
personal 1 3 84
pescar 1 1 125
pestă 24 1 10 1 102 1 100 1 99 1 88 1 79 1 74 1 73 1 72 1 59 1 54 1 53 1 47 1 40 1 38 1 31 1 23 1 18 1 13 1 12 1 1 2 66 3 121 7 61
pește 1 1 22
pețitoare 1 1 1
pfera 1 1 22
piatră 16 1 10 1 17 1 28 1 42 1 83 1 96 1 110 1 111 1 122 2 22 2 35 2 61 3 39 4 30 4 82 5 29
piață 2 1 24 2 41
picior 9 1 8 1 25 1 41 1 53 1 61 1 72 1 79 1 86 1 91
picta 1 1 37
picătură 2 1 37 1 129
piele 4 1 61 1 75 1 102 1 110
piept 5 1 6 1 19 1 21 1 23 1 42
pierde 9 1 3 1 6 1 13 1 33 1 37 1 42 1 71 1 75 1 76
pieri 2 1 56 1 90
pietii 1 1 27
pieziș 1 1 41
ping 1 1 36
pinten 1 1 10
piper 1 1 61
pipăi 1 1 89
piramidă 1 1 39
pironi 1 1 22
pisic 1 1 35
pisică 2 1 0 1 35
pistol 1 1 61
placid 1 1 124
planetă 1 2 28
planganda 1 1 110
planton 1 1 59
plantă 1 1 118
plapumă 1 1 90
platan 1 1 32
platină 1 1 61
pleca 7 1 0 1 29 1 40 1 52 1 66 2 78 2 119
pleoapă 5 1 35 1 46 1 66 1 71 2 4
plevna 1 1 60
plictisi 1 2 62
plin 4 1 3 1 22 1 54 1 119
ploaie 5 1 37 1 40 1 61 2 15 3 28
ploape 1 1 61
plop 3 1 61 2 7 2 11
ploua 4 1 12 2 69 2 74 5 15
plus 2 1 129 2 90
pluti 2 1 32 2 118
plută 1 1 22
plânge 10 1 38 1 61 1 83 1 101 1 116 1 120 2 5 2 84 4 46 9 45
plăcea 1 1 28
poartă 4 1 50 1 61 1 105 3 101
podea 2 1 77 1 95
poem 1 1 22
poet 5 1 128 1 139 3 127 3 138 8 84
poetă 1 1 130
poezie 5 1 128 1 129 2 45 2 134 3 133
poimâine 1 1 58
pol 1 2 136
pom 6 1 6 1 32 1 51 1 54 2 39 2 49
pong 1 1 36
popor 1 1 133
porc 3 1 78 1 90 1 103
portocaliu 1 1 59
porumbel 1 1 1
pot 10 1 21 1 22 1 26 1 38 1 71 1 75 1 108 2 46 2 124 5 8
potcoavă 3 1 28 1 70 3 10
potrivi 2 1 3 1 58
potsa 1 1 108
poveste 2 1 60 1 130
poză 1 1 70
poșircă 1 1 0
pradă 2 1 33 1 52
praf 1 1 84
pramatie 1 1 47
prea 7 1 12 1 63 1 82 1 128 1 129 2 60 4 92
precum 1 1 0
predestina 1 1 77
preface 1 1 17
pregăti 4 1 40 1 67 1 71 1 77
prelinge 1 1 6
prelung 4 1 14 1 22 1 36 1 91
presimți 1 2 112
pretutindeni 1 1 21
prezent 3 1 40 1 43 1 89
pricină 5 1 0 1 124 2 92 4 78 6 96
prieten 3 1 45 1 53 1 114
prietenie 1 1 64
prilej 1 1 33
prim 8 1 29 1 31 1 76 1 130 2 24 2 88 3 41 3 119
primejdie 1 1 6
primărie 1 1 35
primăvară 3 1 63 1 95 2 6
prin 18 1 9 1 119 1 112 1 109 1 91 1 61 1 56 1 49 1 35 1 22 1 13 2 51 2 28 2 68 2 84 2 0 4 15 11 41
prinde 4 1 0 1 25 1 61 1 88
printre 4 1 21 1 34 1 61 1 93
privi 15 1 4 1 8 1 10 1 18 1 20 1 22 1 24 1 27 1 41 1 55 1 88 1 118 2 9 2 36 3 59
privigetoare 1 1 56
privighetoare 2 1 56 1 86
proaspăt 2 1 110 2 27
probabil 1 1 42
profil 1 1 27
profund 1 1 96
propriu 3 1 84 1 92 1 132
propti 1 1 22
propune 1 1 61
proscrie 1 1 34
prost 2 2 47 2 134
prosterna 1 1 94
prun 1 1 61
prunc 1 1 35
prundiș 1 1 61
prăbuși 3 1 10 1 114 2 31
pui 1 1 0
pulbere 1 1 84
pumn 1 1 0
pun 1 2 29
punct 1 4 64
pune 7 1 0 1 61 1 72 1 79 1 125 2 38 5 84
pur 3 1 85 1 89 1 129
purta 2 1 28 1 38
pururea 1 1 58
pururi 2 1 72 1 79
putea 26 1 53 1 97 1 88 1 87 1 84 1 80 1 70 1 100 1 63 1 59 1 44 1 36 1 31 1 132 1 20 1 136 2 138 2 102 2 123 2 41 2 22 2 9 3 65 3 43 4 5 7 92
puternic 1 1 14
putred 2 1 22 1 46
pușcă 3 1 0 1 22 1 100
puți 1 1 78
puțin 5 1 25 1 27 1 28 1 92 1 132
pâine 5 1 34 1 41 1 48 1 53 1 68
pâlpâi 1 1 4
pân 1 1 37
pândi 2 1 18 1 47
pânză 1 1 21
până 13 1 14 1 17 1 30 1 42 1 43 1 61 1 77 1 111 1 116 1 132 2 50 2 84 2 87
păcat 2 1 22 1 135
păcătos 1 1 91
păi 1 1 130
pălmi 2 1 12 1 43
pământ 21 1 16 1 110 1 109 1 96 1 87 1 76 1 74 1 73 1 70 1 66 1 44 1 42 1 20 1 14 2 53 2 52 2 33 2 32 3 54 3 22 13 61
pământesc 2 1 76 1 97
păr 3 1 16 1 62 1 77
părea 2 1 127 2 9
părinte 2 2 68 3 60
părăsi 3 1 8 1 112 1 117
păstra 2 1 5 1 19
pătimi 1 1 68
pătrat 2 1 13 1 38
pătul 1 1 95
rac 1 1 52
radio 1 1 36
radă 4 1 61 1 84 1 111 1 118
rai 2 1 106 3 41
ram 3 1 9 1 41 3 7
ramură 3 1 86 1 103 2 51
rană 4 1 21 1 22 1 41 1 94
rar 1 1 22
rasarinde 1 1 124
rată 1 1 92
real 1 1 132
realiza 1 1 22
reavăn 2 1 6 1 90
rebel 1 1 23
rece 9 1 14 1 26 1 46 1 55 1 57 1 63 1 66 2 52 2 87
recunoaște 2 1 24 1 40
rege 3 1 46 1 66 1 114
regină 1 1 16
regăsi 1 1 22
relativ 1 2 71
relief 3 1 72 1 79 2 43
repede 3 1 9 1 73 1 84
repeta 4 1 20 1 37 1 38 1 128
respecta 1 1 27
respir 1 1 66
respira 4 1 26 1 101 1 103 1 110
respirație 3 1 28 1 78 2 112
rest 3 1 61 1 114 1 117
reteza 1 1 88
retrage 2 1 11 1 73
revărsa 1 1 2
rezema 1 1 28
ridica 12 1 8 1 22 1 26 1 28 1 43 1 84 1 88 1 113 2 11 2 56 2 93 3 24
risc 1 1 128
roabă 2 1 61 1 77
roadă 2 2 100 3 87
roată 6 1 12 1 22 1 106 1 116 2 20 2 21
rodnicie 1 1 44
roman 1 1 39
român 1 1 133
rost 2 1 53 1 100
rosti 1 1 60
rota 1 1 32
roș 6 1 6 1 11 1 13 1 88 1 95 2 31
roșcovan 1 1 90
rugină 1 1 95
rugă 4 1 88 1 89 1 130 3 29
rupe 14 1 9 1 10 1 14 1 16 1 27 1 32 1 34 1 39 1 43 1 52 1 61 1 87 1 113 2 121
rușine 1 1 2
râde 6 1 21 1 62 1 83 1 110 2 22 4 46
rând 2 1 59 1 61
rânji 1 1 0
rână 1 1 65
rât 1 2 78
râu 4 1 22 1 29 1 61 1 96
răbda 1 1 29
rădăcină 2 1 61 2 32
rămâne 22 1 66 1 134 1 114 1 92 1 90 1 84 1 81 1 22 1 63 1 61 1 51 1 47 1 42 1 35 1 32 1 31 1 27 1 26 2 68 2 102 3 101 3 106
răsai 1 3 106
răsfira 1 1 32
răsfrânge 1 1 9
răspunde 5 1 78 1 80 1 85 2 15 2 67
răsturna 1 1 37
răsuci 1 1 113
răsufla 1 1 23
răsuna 1 1 24
răsări 12 1 17 1 23 1 27 1 34 1 44 1 56 1 59 1 61 1 93 1 101 1 102 2 82
rătăci 2 1 9 1 22
răuplatnic 2 1 53 1 77
război 2 1 22 1 31
răzima 1 1 22
răzui 1 1 111
salt 2 1 16 1 94
sanda 2 1 94 1 116
sat 1 1 2
satisfacție 1 1 22
saxofon 1 1 86
scateile 1 1 32
scaun 3 1 62 1 64 5 41
sceptru 1 1 46
schelet 3 1 42 1 61 2 52
schelă 1 1 24
schelărie 1 2 22
schimb 1 1 35
schimba 2 1 39 1 114
schimbător 1 1 137
scoate 2 1 115 3 67
scorbură 1 1 32
scorilo 1 1 61
scria 1 1 65
scrie 4 1 59 1 133 2 65 2 129
scrisnesc 1 1 62
scrisoare 2 1 27 1 59
scrâșni 1 1 14
scufunda 1 1 88
scuipa 1 2 0
sculpta 2 1 21 1 67
scurge 1 1 61
scurt 3 1 22 2 130 2 133
scut 4 1 24 1 40 1 75 1 100
scutura 2 1 49 2 11
scârbos 1 1 0
scădea 2 1 90 3 61
seamă 2 1 5 1 48
seară 6 1 7 1 9 1 26 1 41 2 24 3 52
secret 1 1 48
secund 9 1 16 1 26 1 29 1 37 1 67 1 71 1 81 2 27 3 46
semn 3 1 1 1 99 2 58
senin 2 1 26 1 33
sens 2 1 58 1 133
sensibilitate 1 1 129
sentiment 4 1 84 1 103 2 21 2 132
serba 1 1 24
serios 1 2 22
serv 1 1 65
setă 2 1 33 1 61
sevă 2 1 9 2 51
sfarsetele 1 1 10
sfasaie 1 1 42
sferă 4 1 44 1 57 1 87 2 32
sfeșnic 1 1 55
sfânt 3 1 49 1 61 1 68
sfârși 7 1 15 1 29 1 34 1 42 1 54 1 74 1 133
sfărâmă 1 1 111
si 108 1 85 1 44 1 40 1 39 1 47 1 51 1 28 1 69 1 25 1 80 1 86 1 92 1 102 1 110 1 114 1 135 1 133 1 132 1 127 1 126 1 8 1 124 1 123 1 11 1 13 2 75 2 68 2 66 2 64 2 60 2 58 2 57 2 56 2 59 2 118 2 46 2 116 2 111 2 6 2 7 2 35 2 32 2 24 2 10 2 12 3 115 3 94 3 65 3 15 3 113 3 70 3 74 3 109 3 107 3 129 3 18 3 87 3 100 3 98 3 31 3 36 3 33 3 54 3 49 3 52 4 14 4 125 4 19 4 91 4 90 4 48 4 20 4 50 4 81 4 9 4 16 4 71 4 117 4 112 4 2 4 63 5 17 5 5 5 62 5 78 6 88 6 120 6 3 6 26 7 30 7 73 8 21 8 38 8 42 9 77 9 0 9 53 10 55 11 27 11 93 11 34 11 119 11 41 12 43 13 84 18 22 18 29 20 61
sigur 1 1 34
silabă 1 1 29
simplu 2 1 85 1 129
simun 1 1 101
simț 2 1 35 1 99
simți 3 1 52 1 84 1 102
singur 13 1 3 1 30 1 53 1 57 1 59 1 70 1 103 1 117 1 119 1 127 2 8 2 51 2 132
singuratec 1 1 77
singurătate 4 1 61 1 77 1 117 5 107
slab 1 1 138
slav 1 1 110
smulge 8 1 10 1 42 1 49 1 52 1 85 1 135 2 71 3 61
soarbă 1 1 63
soare 15 1 6 1 11 1 13 1 16 1 22 1 23 1 34 1 56 1 64 1 78 1 82 1 101 1 106 2 43 5 10
soartă 3 1 63 1 73 2 85
sobă 3 1 41 1 72 1 79
socoli 1 1 2
soldă 2 2 84 3 42
soldăție 2 1 59 3 27
somn 6 1 0 1 11 1 31 1 66 1 69 1 95
sorb 2 1 0 1 63
spaimă 1 1 92
sparge 7 1 13 1 19 1 22 1 50 1 110 1 123 2 61
spată 3 1 3 1 98 2 109
spațiu 1 1 33
spectacol 1 1 22
speranță 3 1 72 1 79 1 91
speria 1 1 84
spermă 1 1 112
spinare 4 1 0 1 61 1 109 1 110
spiral 1 1 57
spre 15 1 9 1 14 1 19 1 22 1 24 1 26 1 32 1 56 1 57 1 77 1 81 1 93 3 52 4 43 6 51
sprijin 1 1 33
sprijini 1 1 43
sprânceană 6 1 11 1 18 1 29 1 38 1 55 1 122
spune 24 1 50 1 131 1 129 1 128 1 102 1 80 1 70 1 1 1 46 1 39 1 37 1 30 1 29 1 28 1 26 1 25 1 14 1 6 2 95 2 15 3 97 4 71 4 130 6 84
spânzura 1 1 61
spârc 1 1 1
spăla 2 2 77 2 93
sta 35 1 114 1 67 1 71 1 77 1 80 1 102 1 109 1 112 1 113 1 65 1 116 1 117 1 118 1 119 1 120 1 122 1 124 1 34 1 4 1 20 1 22 1 24 1 26 1 0 1 49 1 57 1 61 1 64 2 41 2 87 2 62 2 14 2 7 3 47 3 27
stafie 2 1 37 1 38
statornic 1 1 78
statuie 1 1 35
stație 1 1 34
stațiune 1 1 41
steag 3 1 41 1 90 1 116
stejar 3 1 32 1 96 2 61
stern 3 1 52 1 66 1 109
sticli 2 1 10 1 35
sticlos 1 1 14
sticlă 3 1 13 1 31 1 78
stimă 2 1 72 1 79
stinge 4 1 6 1 9 1 66 2 55
stoarce 1 1 84
stol 1 1 88
stradă 6 1 13 1 24 1 31 1 34 1 37 2 0
strica 1 1 0
strigă 14 1 15 1 19 1 36 1 56 1 80 1 81 1 86 1 98 1 110 1 119 2 10 2 55 3 41 3 78
strigăt 1 1 99
strivi 7 1 9 1 12 1 25 1 27 1 66 1 93 1 119
strop 1 1 81
structură 1 1 20
strâmt 1 1 114
strânge 8 1 18 1 21 1 38 1 61 2 4 2 12 2 36 2 99
străbate 3 1 19 1 41 1 52
străbun 3 1 53 1 60 1 61
străin 3 1 17 1 22 1 85
străluc 2 1 18 1 41
strălumina 1 1 61
strămoș 1 1 54
strămoși 2 1 61 2 54
strămoșie 1 1 92
străveziu 1 1 78
stâlp 2 1 24 1 41
stâncă 2 1 21 1 61
stâng 3 1 40 1 80 3 9
stârni 3 1 41 1 122 1 136
stăpâni 2 1 0 1 53
suav 2 1 52 1 124
sub 17 1 119 1 103 1 15 1 16 1 20 1 53 1 5 1 62 1 78 1 70 1 76 2 61 2 95 2 52 2 9 2 6 4 69
sublim 1 1 77
subsol 1 1 73
substantiv 1 1 65
subția 1 1 9
subțire 8 1 9 1 23 1 27 1 38 1 61 1 84 1 118 2 34
sud 2 1 26 1 61
suferi 1 1 2
sufla 1 1 70
suflet 13 1 2 1 10 1 15 1 16 1 21 1 24 1 39 1 74 1 93 1 96 1 122 2 28 2 61
sufoca 2 1 116 2 101
suge 2 1 43 1 61
sughița 1 1 1
suliță 1 1 10
suna 1 1 47
sunet 7 1 23 1 24 1 37 1 56 1 61 1 89 1 113
superior 1 1 88
supune 1 1 117
supăra 1 1 62
surd 5 1 0 1 10 1 63 1 92 2 107
sus 14 1 18 1 22 1 37 1 38 1 41 1 42 1 49 1 88 1 126 2 14 2 43 2 61 3 0 3 109
suspenda 1 1 88
sân 5 1 2 1 5 1 6 1 29 1 115
sânge 15 1 4 1 8 1 12 1 29 1 42 1 49 1 61 1 67 1 80 1 104 1 111 1 115 1 124 2 31 2 51
sânt 1 1 0
sârmă 1 1 41
să 77 1 82 1 37 1 44 1 50 1 53 1 56 1 59 1 75 1 78 1 79 1 72 1 89 1 98 1 113 1 128 1 130 1 133 1 136 1 139 1 4 1 6 1 13 1 10 1 25 1 24 1 11 1 20 2 15 2 85 2 88 2 94 2 97 2 106 2 109 2 116 2 123 2 125 2 129 2 8 2 135 2 76 2 34 2 36 2 21 2 65 2 45 3 41 3 108 3 102 3 100 3 96 3 67 3 52 3 87 3 28 3 9 3 14 3 81 3 19 4 30 4 38 4 107 4 80 4 17 5 92 5 71 5 27 5 77 6 63 6 12 7 22 8 103 8 117 11 91 13 61 13 84 20 0
săbia 1 1 75
săgeată 2 1 40 1 70
sălta 1 4 10
sămânță 1 1 53
săpa 1 1 70
săptămână 2 1 0 1 55
săra 11 1 11 1 16 1 18 1 41 1 46 1 53 1 102 1 116 1 135 2 110 5 61
sărac 1 1 114
săritoare 1 1 26
sărut 3 1 6 1 25 5 34
săruta 6 1 6 1 25 1 52 1 95 1 111 12 34
său 18 1 65 1 138 1 137 1 114 1 89 1 85 1 74 1 5 1 61 1 41 1 38 1 27 1 17 1 14 2 73 2 36 2 31 3 84
ta 9 1 3 1 4 1 5 1 13 1 17 1 71 1 111 2 78 4 29
tablou 1 1 77
tac 1 1 17
tainic 2 1 24 1 48
taină 2 1 31 1 135
talent 1 3 129
talpă 2 1 25 1 32
tală 7 1 24 1 28 1 33 1 61 1 88 1 93 3 29
tandru 3 1 28 1 59 1 66
tapă 1 1 45
taraș 1 1 0
tară 1 2 61
tată 1 1 116
taur 1 1 88
teamă 1 1 25
tei 1 2 118
telefon 1 1 130
templu 1 1 112
temă 1 1 17
tensiune 1 1 136
terminație 1 1 34
tigru 1 1 22
timp 20 1 16 1 94 1 87 1 84 1 81 1 80 1 77 1 67 1 44 1 42 1 38 1 37 1 29 1 27 1 19 1 9 2 61 3 83 3 22 14 89
timpan 1 1 37
tindă 1 1 9
tineretia 1 1 22
tinichea 1 1 0
tină 23 1 71 1 137 1 119 1 117 1 95 1 90 1 82 1 77 1 7 1 55 1 50 1 48 1 42 1 38 1 22 1 10 2 54 2 88 2 100 2 106 2 108 4 52 5 29
toamnă 3 1 17 1 37 1 49
toarce 1 1 49
toartă 1 1 20
tobă 1 1 10
tocmai 5 1 18 1 29 1 61 1 77 1 125
tocă 1 1 50
tot 40 1 2 1 124 1 115 1 114 1 113 1 106 1 94 1 87 1 77 1 71 1 67 1 57 1 56 1 54 1 47 1 46 1 42 1 41 1 36 1 32 1 6 1 28 1 21 1 8 1 12 1 15 2 135 2 43 2 3 2 111 2 89 2 85 2 84 2 78 2 73 2 31 3 61 3 0 5 7 6 29
totdeauna 3 1 22 1 56 2 23
totuna 1 1 84
totuși 3 1 120 2 50 3 83
trage 8 1 22 1 23 1 38 1 70 1 73 1 116 2 85 3 64
tragic 3 1 68 1 112 1 125
trai 1 1 89
trambulină 1 1 26
tramvai 1 1 90
transforma 1 1 74
transparent 1 1 118
treabă 1 1 22
treaptă 1 1 10
treaz 2 1 37 1 59
trebui 7 1 21 1 50 1 65 2 45 2 91 3 117 10 103
trece 16 1 3 1 16 1 18 1 27 1 35 1 44 1 52 1 67 1 112 1 117 2 28 2 37 2 40 2 51 2 84 7 41
trei 5 1 35 1 47 1 98 1 130 2 2
treișpe 1 2 3
tren 1 1 86
trezi 4 1 11 1 13 1 48 2 21
tril 1 1 86
triremă 1 1 40
trist 4 1 2 1 74 1 120 1 125
tristețe 4 1 5 1 36 1 91 1 108
triunghiular 1 2 52
trofeu 1 1 40
trompă 1 1 78
tron 2 1 66 1 114
trotuar 1 1 6
trunchi 6 1 6 1 10 1 12 1 32 1 33 2 51
trup 16 1 19 1 40 1 43 1 54 1 86 1 109 1 113 1 125 2 22 2 36 2 65 2 93 2 117 4 87 4 88 16 61
trăi 13 1 28 1 46 1 55 1 62 1 65 1 68 1 89 1 97 1 103 1 117 1 131 2 92 2 123
tu 56 1 88 1 29 1 31 1 41 1 45 1 70 1 71 1 72 1 78 1 79 1 65 1 90 1 94 1 97 1 98 1 99 1 116 1 128 1 130 1 25 1 13 1 16 1 4 1 21 2 26 2 5 2 113 2 106 2 6 2 9 2 11 2 15 2 82 2 17 2 20 2 24 2 47 2 48 2 0 2 28 2 52 2 19 3 57 3 119 3 102 3 95 3 87 4 112 4 81 5 117 6 66 6 23 7 86 8 3 8 61 10 84
tub 1 1 61
tunet 1 1 61
turn 1 1 35
turna 1 1 93
turti 1 1 19
tâmplă 10 1 5 1 11 1 14 1 18 1 22 1 23 1 42 1 48 1 57 1 114
tâmplări 1 1 39
tânăr 6 1 10 1 18 1 60 1 118 2 34 3 27
târziu 1 1 65
tăcea 10 1 1 1 11 1 29 1 39 1 56 1 59 2 10 2 41 3 82 4 71
tăia 5 1 10 1 18 1 23 1 31 1 118
tăios 1 1 118
tăiș 1 1 88
tărie 1 2 10
tău 12 1 4 1 78 1 88 1 115 2 9 2 16 2 22 2 26 2 41 2 61 4 5 4 29
tăvăli 1 1 69
ucide 1 1 124
ui 3 1 42 1 123 2 54
uimi 1 1 4
uita 10 1 8 1 9 1 27 1 49 1 52 1 63 1 123 1 134 2 0 2 62
ulise 1 1 22
ultim 2 1 30 2 27
umbră 18 1 13 1 16 1 98 1 22 1 23 1 78 1 71 1 10 1 43 1 69 1 54 2 31 2 110 2 52 2 24 2 17 2 11 4 29
umed 1 1 28
umfla 1 1 21
umoare 1 1 137
umple 5 1 22 1 27 1 31 1 115 1 118
umăr 8 1 10 1 23 1 51 1 54 1 57 1 122 2 11 2 45
un 75 1 87 1 108 1 102 1 98 1 40 1 97 1 89 1 45 1 50 1 106 1 52 1 85 1 58 1 59 1 83 1 63 1 65 1 67 1 128 1 1 1 2 1 6 1 7 1 11 1 137 1 30 1 125 1 120 1 117 2 126 2 123 2 133 2 135 2 95 2 115 2 70 2 110 2 138 2 27 2 14 2 31 2 57 2 17 2 21 2 43 2 18 2 42 3 23 3 118 3 26 3 111 3 32 3 20 3 130 3 88 3 86 3 84 3 80 3 73 3 64 4 38 4 66 4 78 4 114 4 24 5 35 5 94 5 51 6 99 6 16 9 61 9 0 10 41 11 22 11 90
unciob 1 1 123
undeva 2 1 5 1 112
unduitor 1 1 23
undă 8 1 11 1 15 1 16 1 24 1 54 1 65 1 89 3 85
uneori 5 1 17 1 24 1 26 1 52 1 137
unghie 1 3 50
uni 1 1 87
unic 1 1 10
univers 2 1 22 2 73
universal 1 1 53
unu 7 1 4 1 19 1 48 1 67 2 39 2 74 7 90
urca 4 1 7 1 11 1 22 1 38
ureche 2 1 37 1 91
urechia 1 1 84
uriaș 2 1 88 1 113
urla 4 1 37 1 88 4 119 5 0
urmă 14 1 0 1 6 1 15 1 16 1 20 1 22 1 29 1 42 1 65 1 87 1 98 1 132 2 27 2 34
următor 1 1 22
urni 1 1 21
urs 1 1 32
ursuz 1 1 22
urî 4 1 64 1 68 1 91 2 75
ură 1 2 132
usca 3 1 6 1 61 1 95
ustura 1 1 102
ușor 1 1 117
ușă 2 2 77 2 113
v 1 1 61
vaer 1 1 66
vai 4 1 21 1 48 1 49 1 90
vaier 1 1 35
val 4 1 36 1 61 1 99 2 81
vale 1 1 61
valiză 1 1 27
var 1 1 39
varză 1 1 90
vară 2 1 72 1 79
vaselica 1 1 2
vast 1 1 63
veac 1 1 55
vechi 8 1 22 1 31 1 41 1 46 1 56 1 61 1 93 2 27
vecin 2 1 0 1 53
veda 6 1 42 1 69 1 81 1 92 1 123 1 127
vedea 34 1 57 1 124 1 120 1 102 1 89 1 86 1 82 1 75 1 71 1 1 1 54 1 48 1 46 1 21 1 2 1 8 1 14 1 17 1 41 1 22 1 27 1 31 1 32 1 34 2 81 2 20 2 88 2 30 2 92 2 123 3 67 3 83 3 98 5 61
veghe 1 1 59
veni 23 1 63 1 123 1 94 1 87 1 81 1 0 1 54 1 43 1 41 1 27 1 26 1 24 1 23 1 21 2 65 2 72 2 77 2 79 2 22 2 100 3 61 3 106 4 73
venin 1 1 12
venit 9 1 17 1 41 1 50 1 80 1 115 1 125 2 52 2 78 7 61
verb 2 1 65 2 117
verde 9 1 13 1 16 1 41 1 49 1 61 1 69 1 71 1 88 1 126
verighetă 1 1 61
vers 2 1 22 2 133
vertebră 1 1 117
verzui 1 3 0
veșcă 2 1 31 1 112
veșnic 2 1 101 2 55
viață 16 1 16 1 26 1 27 1 38 1 61 1 65 1 73 1 86 1 88 1 97 1 108 1 131 1 132 2 0 2 22 3 84
viclean 1 1 18
victorie 1 1 75
victorios 2 1 38 1 54
vid 1 1 43
vierme 2 1 61 1 78
viitor 3 1 28 1 54 2 43
viitură 1 1 65
violent 3 1 34 1 61 1 101
violet 1 1 39
vis 5 1 3 1 11 1 66 1 69 1 95
visa 3 1 21 1 94 1 106
visător 2 1 23 1 95
viteză 1 1 39
vitrină 1 4 27
vită 1 1 23
vocal 2 1 56 1 65
vocație 1 1 129
voie 1 1 31
vorbi 5 1 14 1 65 1 67 1 82 1 104
vorbitor 1 1 88
vorbă 7 1 3 1 14 1 28 1 37 1 60 1 65 1 74
vostru 2 2 103 3 84
vrea 27 1 32 1 85 1 78 1 71 1 4 1 57 1 102 1 53 1 38 1 111 1 28 1 116 1 15 1 128 2 67 2 112 2 130 2 84 2 54 2 22 2 19 2 13 2 12 3 80 3 100 4 30 6 87
vreme 7 1 15 1 21 1 38 1 40 1 54 2 18 2 117
vreodată 2 1 30 1 102
vreun 6 1 20 1 22 1 41 1 61 1 100 1 102
vroi 1 1 41
vultur 3 1 61 1 123 2 109
vulture 1 1 123
vulturoaică 1 2 121
vâna 5 1 28 1 29 1 66 1 117 1 135
vânt 9 1 3 1 7 1 42 1 61 1 84 1 122 2 10 2 32 3 41
vânătaie 1 1 115
vânătoare 1 1 9
vârf 4 1 0 1 50 1 57 1 88
vârstă 2 1 27 1 44
vârtej 2 1 23 2 20
văgăună 1 1 88
văr 1 1 16
văratec 1 1 23
vărsa 3 1 8 1 61 1 88
văzduh 1 1 9
zadar 2 1 32 3 60
zară 7 1 6 1 11 1 13 1 19 1 20 1 52 1 135
zazui 1 1 52
zbatator 1 1 115
zbate 1 3 88
zbor 3 1 15 1 41 1 95
zbura 11 1 20 1 43 1 61 1 83 1 84 1 94 1 96 1 102 2 41 2 78 2 109
zburătoare 1 1 37
zbârnâi 1 1 12
zdrobi 1 1 124
zdrăngăni 1 1 0
zeamă 1 1 77
zeiță 1 1 21
zenit 1 1 24
zeu 5 1 21 1 61 1 94 2 112 3 40
zgomot 1 1 82
zgudui 1 1 50
zgâria 2 1 102 2 42
zi 6 1 0 1 14 1 25 1 44 1 107 2 6
zice 12 1 2 1 53 1 60 1 111 1 116 1 131 1 139 2 130 3 7 3 78 3 84 3 119
zid 7 1 13 1 28 1 38 1 39 1 57 1 77 3 41
zidi 3 1 53 1 72 1 79
zori 1 1 0
zornăi 1 1 113
zugrav 1 1 124
zuluf 1 1 5
zvastică 1 1 12
zvelt 2 1 9 1 24
zvâcni 1 1 6
zvârli 3 1 19 1 24 1 36
zână 2 1 55 1 95
zăcea 2 1 0 1 1
zăpadă 7 1 0 1 55 1 65 1 68 1 69 2 119 3 117
îmbrăca 1 1 61
îmbrățișa 4 1 14 1 19 1 23 2 52
împietri 3 1 61 1 81 1 96
împinge 3 1 42 1 66 2 41
împleti 1 1 125
împlini 1 1 44
împodobi 2 1 21 1 52
împunge 1 1 11
împușcat 1 2 27
împărți 1 4 90
în 110 1 95 1 44 1 47 1 57 1 67 1 74 1 76 1 84 1 86 1 87 1 89 1 90 1 94 1 1 1 102 1 106 1 109 1 111 1 120 1 126 1 127 1 132 1 133 1 134 1 137 1 16 1 5 1 8 2 81 2 99 2 53 2 17 2 85 2 56 2 19 2 59 2 49 2 79 2 20 2 73 2 72 2 70 2 71 2 29 2 43 2 11 2 113 2 123 2 39 2 117 2 37 2 122 2 118 3 136 3 100 3 125 3 21 3 77 3 80 3 83 3 115 3 12 3 96 3 28 3 58 3 50 3 54 3 36 3 62 3 30 4 121 4 3 4 114 4 66 4 112 4 10 4 42 4 2 4 26 4 46 4 24 4 135 4 14 4 15 4 52 4 64 5 65 5 55 5 63 5 13 5 38 6 35 6 6 6 7 6 23 6 9 7 40 7 60 7 78 7 31 7 41 7 129 7 88 8 18 9 32 9 27 11 34 14 0 17 22 23 61
înainte 5 1 26 1 27 1 40 1 53 2 20
înalt 4 1 14 1 22 1 61 1 94
înapoi 3 1 56 1 61 2 20
începe 11 1 20 1 52 1 54 1 59 1 61 1 87 1 100 1 133 2 24 2 81 3 74
încerca 3 1 87 1 97 3 101
încet 6 1 6 1 33 1 81 1 84 2 82 2 122
înceta 1 1 71
încetini 2 1 43 1 51
închide 4 1 17 1 27 1 66 2 101
închina 1 1 22
încleșta 1 1 42
înclina 4 1 20 1 26 1 57 2 51
încoifat 1 1 13
încolăci 2 1 23 1 61
încolți 2 1 3 1 66
înconjura 1 1 57
încorda 2 1 18 2 55
încovoia 1 1 0
încruci 1 1 10
încât 6 1 21 1 65 1 84 1 126 2 29 3 91
încă 8 1 3 1 8 1 11 1 27 1 43 1 87 1 123 2 18
încălzi 2 1 71 2 3
încălța 2 1 86 1 94
încăpea 1 1 12
îndepărta 3 1 78 1 82 2 41
îndoi 1 1 29
îndrăgosti 4 1 21 1 23 1 24 2 34
îndurera 1 1 93
îndurător 1 1 67
îndărătnic 1 1 5
înec 3 1 17 1 62 1 135
îneca 2 1 36 1 56
înfige 4 1 18 1 20 1 32 2 88
înfiora 1 1 12
înflori 1 2 126
înfoia 1 1 43
înfrigura 3 1 14 1 91 1 117
înfășa 1 1 125
înfășura 2 1 28 2 99
înfățișa 1 1 62
înger 7 1 90 1 93 1 114 1 115 3 80 4 41 8 78
îngheța 1 1 117
înghiți 1 1 27
îngrijora 1 1 130
îngrășa 1 2 61
îngâna 2 1 7 1 29
înhăma 1 1 56
înjura 1 1 0
înlăuntrul 2 1 57 3 122
înmii 1 1 11
înmulți 1 2 90
înnopta 1 1 106
înot 1 1 43
înota 1 1 86
înrăma 1 1 70
înscrie 1 1 89
însemna 3 1 133 2 114 3 89
însera 5 1 7 1 28 1 37 1 52 2 41
înseta 1 1 61
înspre 1 1 43
înstela 1 1 7
însumi 4 1 61 1 117 2 92 3 38
însuși 10 1 2 1 23 1 27 1 45 1 56 1 137 2 34 2 89 2 138 3 64
însuți 1 1 137
însângera 1 1 34
însă 1 1 53
însănătoși 1 1 130
înteți 1 1 51
întinde 11 1 9 1 12 1 24 1 42 1 61 1 64 1 77 2 43 2 52 4 51 4 119
întoarce 13 1 1 1 9 1 11 1 14 1 39 1 42 1 52 1 57 1 61 1 93 2 24 2 109 3 10
întocmai 1 2 27
întotdeauna 1 1 57
întra 29 1 15 1 135 1 125 1 110 1 103 1 94 1 88 1 81 1 79 1 78 1 73 1 72 1 64 1 63 1 61 1 14 1 19 1 66 1 25 2 86 2 136 2 17 2 20 2 27 2 49 2 71 3 99 3 84 5 22
întreba 4 1 67 1 85 1 132 2 80
întrece 2 1 19 1 24
întredeschide 1 1 84
întreg 2 1 44 1 129
întruchipa 1 1 106
întrucâtva 1 1 132
întruna 4 1 0 1 34 1 70 2 30
întuneca 2 1 52 1 105
întuneric 2 1 105 2 34
înturna 1 1 9
întâi 1 1 70
întâia 1 1 30
întâlni 4 1 12 1 18 1 24 1 126
întâmpina 1 2 10
întâmpla 4 1 22 1 28 1 56 2 14
întâmplător 1 1 22
înveli 3 1 42 2 72 2 79
înverzi 1 1 95
învia 1 1 61
învinge 3 1 12 1 75 1 94
învolbura 1 1 98
învăța 1 1 38
înălța 1 1 15
înșuruba 1 1 21
înțelege 9 1 22 1 48 1 58 1 72 1 79 1 81 1 89 5 103 5 107
înțelept 1 1 38
îî 10 1 1 1 2 1 4 1 5 1 6 1 7 1 9 2 0 2 22 3 3
ă 1 1 130
ăla 2 1 3 1 113
ăst 3 1 50 1 129 1 137
ăsta 1 1 130
șa 1 2 61
șai 1 1 31
șansă 2 1 22 1 92
șapte 3 1 2 1 63 2 0
șarpe 1 1 16
șchiopa 1 1 25
șerpar 1 1 61
șină 70 1 86 1 125 1 118 1 112 1 109 1 32 1 99 1 36 1 39 1 1 1 85 1 79 1 74 1 73 1 72 1 69 1 62 1 21 1 6 1 8 1 18 1 9 1 17 1 16 1 0 1 15 1 134 1 136 2 138 2 126 2 78 2 137 2 92 2 102 2 133 2 127 2 121 2 27 2 13 2 58 2 55 2 54 2 51 2 47 2 19 2 41 2 20 2 22 3 81 3 31 3 33 3 26 3 24 3 131 3 84 3 14 4 64 4 11 4 28 4 37 4 87 4 42 4 77 4 67 5 61 6 88 7 111 7 43 7 10 12 34
șir 2 1 42 1 87
șoaptă 1 1 3
șobolan 1 1 0
șoim 1 1 135
șold 1 1 41
ștampilă 1 2 67
șterge 5 1 3 1 9 1 109 1 112 2 66
ști 21 1 15 1 18 1 22 1 3 1 123 1 112 1 100 1 92 1 62 1 88 1 67 2 130 2 65 2 61 2 53 2 32 2 30 3 96 3 114 4 29 10 90
șui 4 1 3 1 9 1 51 1 58
șuier 1 1 17
șuviță 1 1 11
țar 4 1 37 1 44 1 115 2 5
țață 2 1 71 2 61
țepenit 1 1 61
ți 46 1 92 1 33 1 38 1 41 1 42 1 43 1 48 1 97 1 94 1 32 1 65 1 67 1 70 1 71 1 81 1 82 1 85 1 31 1 4 1 5 1 124 1 12 1 119 1 107 1 16 1 17 1 100 1 19 1 21 1 98 1 25 1 29 2 135 2 86 2 0 2 52 2 50 2 15 3 84 3 22 3 18 3 13 3 9 3 130 3 3 6 61
țigară 1 1 27
ține 14 1 8 1 19 1 28 1 40 1 42 1 54 1 57 1 61 1 65 1 66 1 73 1 80 1 97 1 123
țipa 1 1 71
țișni 1 1 18
țoi 2 1 107 1 117
țâpuritură 1 1 133
țâșni 2 1 22 1 88
țărm 1 1 16
